% # columns="iteration, evaluation, sigma, max axis length,  min axis length, all principle axes lengths  (sorted square roots of eigenvalues of C)", seed=967197, Tue Jul 23 09:46:04 2019
1 12 0.09293568068582045 1.000047501128143 1.0 1.0 1.000002500003125 1.0000050000125 1.000007500028125 1.00001000005 1.0000125000781253 1.0000150001125006 1.000017500153126 1.0000200002000015 1.000022500253127 1.0000250003125026 1.0000275003781285 1.0000300004500045 1.0000325005281308 1.0000350006125072 1.0000375007031337 1.0000400008000108 1.0000425009031377 1.0000450010125153 1.000047501128143
2 24 0.08918821617707705 1.035620452703555 0.955687545705972 0.955687545705972 0.9606836621324224 0.9797541702802053 0.9901395668255819 0.9918957664057715 0.9985433089155425 1.0000062915628016 1.000014291542595 1.0000205494453227 1.0000217733771346 1.000025684675486 1.0000266274937133 1.0000342677294687 1.0000363235135574 1.0006268930722524 1.00150421840998 1.0071107942248634 1.0157229139621402 1.0176590242797499 1.035620452703555
3 36 0.08407151493570968 1.0552205238090173 0.9450200012366881 0.9450200012366881 0.9597968405046516 0.9631687312654112 0.9705622939371878 0.9759555207232832 0.9849139445426831 0.9897685775593461 0.9952361692202504 0.9965223875512915 0.9977572380425144 0.9999677197853893 1.000215352190378 1.0020786758937021 1.002385673279578 1.00566802908289 1.0078005814306592 1.014293321119974 1.0158740755653923 1.0264843769626697 1.0552205238090173
4 48 0.08060589366414148 1.059991171501017 0.939263312515326 0.939263312515326 0.9435701289447398 0.9530809220690469 0.9566581685176735 0.9733066532231622 0.975052516469338 0.9822459700579168 0.9892085724985176 0.9913733123189341 0.994979086475491 0.9992178698985372 1.0006179893092395 1.0036647486465073 1.0049414177613785 1.0060108631230609 1.0162609870608694 1.0183549512492835 1.0197938458687015 1.035354842038077 1.059991171501017
5 60 0.07604398163588104 1.0748452668201012 0.9309348471113187 0.9309348471113187 0.9355871352644654 0.9447044837400964 0.948667326965502 0.9558296075271389 0.9717010303720658 0.9786694558434192 0.9838389558150111 0.9882336859620993 0.9905872072003292 0.9953168871550528 1.001384626590143 1.0017967848690459 1.0031816440096488 1.0141073812018928 1.0162255517001357 1.0226050523869552 1.0258301109474963 1.0371540713339307 1.0748452668201012
6 72 0.07255247905908838 1.0739124405878484 0.9069084728946941 0.9069084728946941 0.9303363197775106 0.9415744086259975 0.9487519203693592 0.9528710996865812 0.9662207275769712 0.9778367730603559 0.9815710363773922 0.9851232797728585 0.9880596658301306 0.9909341644599929 0.9985086901088582 1.001452035453487 1.008662756458194 1.0104310309933906 1.019386361878425 1.0213776325123982 1.0273060610700848 1.0341838673613788 1.0739124405878484
7 84 0.06933384632327548 1.082961955565115 0.9006962604890687 0.9006962604890687 0.9166104870160107 0.9312185130398086 0.9454151201844044 0.9520680488482814 0.9537556541273725 0.9723526431037182 0.9775672340515158 0.9811126260689534 0.9862237934535172 0.9937075506942779 0.9964087579988455 1.0017215644278041 1.0084173699720722 1.0112966710032079 1.0181348908472878 1.0248852452585786 1.0324118630930386 1.0469089128085112 1.082961955565115
8 96 0.0684473585841941 1.086710076175793 0.8990679762043946 0.8990679762043946 0.9006015196738465 0.9220956729191889 0.9427515447271091 0.9477192228739961 0.9546159043752344 0.9674971958069486 0.9693792682812106 0.9861028996222333 0.9896578377900015 0.9910659484391523 0.9951699679189547 1.0019482180619088 1.0060568509312606 1.008234841184875 1.0208324011832661 1.0284511507844003 1.0364370398165188 1.0550549028287663 1.086710076175793
9 108 0.06806026369651237 1.1215820024129382 0.8919175447764426 0.8919175447764426 0.9040611385921693 0.9142744380880804 0.9232647330233669 0.9456067198444902 0.9541232606156227 0.957084973931344 0.9671192373915622 0.9802173148512876 0.9827074788031039 0.9884527206473414 0.9947631824978299 1.0000226012434323 1.0042374795119953 1.0100232044030346 1.0200783328797909 1.0314996501131974 1.0367905979058867 1.0594042906746841 1.1215820024129382
10 120 0.06824571405756531 1.129485728188969 0.8791852930895436 0.8791852930895436 0.8999744105274927 0.9165087837890696 0.9203542321595114 0.9380735065191874 0.9548104019855169 0.9602746480584181 0.9682011186050411 0.9755051526494912 0.9801479883559758 0.988272241067057 0.9960864152527684 0.9987275202831721 1.0023689022175541 1.0135698323768723 1.0195673497691196 1.0243634036982687 1.035144815611599 1.0750560950216066 1.129485728188969
11 132 0.06813235094751932 1.1559994726669383 0.8686918738629935 0.8686918738629935 0.8927363063455585 0.9118820436207901 0.9175267358212353 0.9361394674759638 0.9519043020187875 0.9629893153476059 0.9655557242837676 0.9792271618550992 0.9822282961025195 0.9861707842771783 0.9969309106381391 0.9993458984707313 1.004815769845956 1.0126319936808863 1.019035544051473 1.0259548269539065 1.0336459917147787 1.0750896692655947 1.1559994726669383
12 144 0.0665325204300742 1.1735409004044643 0.8598728668985879 0.8598728668985879 0.8867736871174554 0.9052992517608646 0.9155320413233569 0.9363612172695007 0.9491002243539747 0.9516588943730653 0.964367673617563 0.9718107596697227 0.9750704805327289 0.9880828655268666 0.9966028813377255 0.9997231502937239 1.0031606877154269 1.0114245798134192 1.0148333884794283 1.023909600496798 1.0354060261817601 1.0913746053405529 1.1735409004044643
13 156 0.064605792187928 1.1857578147355763 0.8593685251919384 0.8593685251919384 0.8747536018642331 0.8997155874652268 0.908284726161945 0.9252069128581468 0.94269664019265 0.953819514580543 0.957434867313621 0.9646964353941048 0.975935079666821 0.9940647252151119 0.9972552259249632 1.000843890792246 1.0050061998398179 1.0094785774775914 1.0189172290297135 1.0281437929676962 1.035164603144349 1.0918557147230397 1.1857578147355763
14 168 0.06170893177461985 1.1930098600994403 0.8553249119247832 0.8553249119247832 0.8685881863812824 0.8907063562351795 0.9029739726217588 0.9229248966430145 0.9414150673244464 0.9502587766771782 0.9601153700595179 0.9644775143302703 0.9733770486082581 0.9819836041055824 0.9921813936248354 1.0000791125714785 1.0069327579033356 1.011194949186023 1.020925268174272 1.0263526410303319 1.0383869079309664 1.0968588273035285 1.1930098600994403
15 180 0.06130133126809408 1.2003566982095006 0.8500730566199435 0.8500730566199435 0.8621355199230544 0.8815667762010141 0.9017462974959735 0.9221102055579314 0.9332068545470342 0.9462075072906014 0.9607026940191843 0.9657083605121962 0.9720066855735832 0.9829317173305704 0.9864536723911105 0.9976863308206116 1.006469454723038 1.0092441088915627 1.0201883213676732 1.024536761721831 1.033742696832568 1.097091341429715 1.2003566982095006
16 192 0.05921274544233223 1.1973386130264172 0.836821254452026 0.836821254452026 0.8646430161524002 0.885011378786735 0.8953922851880969 0.9210437984187022 0.9317297471329375 0.942588073462509 0.9507391933607867 0.9612826894695251 0.9687647461162194 0.9798268777586586 0.9842543898267049 0.9894009105070011 1.006652189975556 1.0151844417912987 1.0291852792743368 1.0321647257465412 1.054134022738032 1.1020604499016606 1.1973386130264172
17 204 0.057538608053954436 1.1997449018889017 0.8334132347688465 0.8334132347688465 0.856901620325351 0.8842774573209756 0.8876055760182632 0.9112341613744506 0.9297814527433289 0.9375078343410025 0.9504213367116437 0.9575416737127226 0.9714196882888138 0.9741326321742813 0.9824061419720592 0.9883618865384034 1.0124621026315421 1.0187175150578374 1.0257498639138256 1.0360021581512069 1.0620152599933654 1.1049286983361362 1.1997449018889017
18 216 0.05732856951736265 1.2011385667089642 0.8295190521996801 0.8295190521996801 0.8620105887908229 0.8726379389438605 0.8876716866430698 0.9031921668554801 0.9235575967681572 0.9441210498247459 0.9493468079668891 0.9584770874472137 0.9647600632779971 0.9720125630527837 0.9800366077617815 0.9969438387769992 1.0078082093541698 1.0165215378416885 1.0237459729617038 1.0373430512377482 1.055253851379287 1.1123696198179764 1.2011385667089642
19 228 0.055108664302997025 1.2046213619953468 0.8246640970232246 0.8246640970232246 0.8637228542643482 0.8692527132094521 0.8892969444068247 0.9027209725044524 0.9228168571706996 0.9389203148768469 0.9465131448958108 0.953736596971795 0.9649889278080959 0.9695309610335958 0.9839379949794463 0.9924411067149573 1.0124629125390685 1.0162362680592918 1.0267456232585028 1.0398043424607928 1.055028219034032 1.118038924475151 1.2046213619953468
20 240 0.05217472355058786 1.2096303132056228 0.8192252971659184 0.8192252971659184 0.8604660556211606 0.8662375003086547 0.8900767806746903 0.9045764074342562 0.9111602734263184 0.9323054830114708 0.9389574749866704 0.9503272690210928 0.9614707415487852 0.9715316406357715 0.9837740478876486 0.9929665419697731 1.004543793204742 1.0188134378892055 1.025802823411008 1.0412038893167226 1.058292724406952 1.1240403301497217 1.2096303132056228
21 252 0.04955394253390571 1.2147604088121084 0.8208440114681995 0.8208440114681995 0.8509325333744105 0.8636748978403022 0.877446737901326 0.8986626442813128 0.9098589502535976 0.9292387277367443 0.9319946074292198 0.9488272170126953 0.9536491720402869 0.9724545536099369 0.9788179435304319 0.988564996144752 1.0044779784412683 1.013551876885995 1.0280581428803697 1.0435464258287261 1.0664046942153749 1.1183006321718332 1.2147604088121084
22 264 0.04728451719007527 1.229365986401426 0.8257063390841309 0.8257063390841309 0.8487987728383954 0.8528165130874305 0.8700026843103617 0.8919264028303046 0.9089281530354625 0.9173574181015476 0.9264787219520597 0.9444464647088664 0.9557739322975998 0.9703008905419922 0.9761846886537427 0.9880948374817171 1.0032603417264936 1.019434842914563 1.0277513731047387 1.049499685782458 1.0725233427181324 1.1206407302074282 1.229365986401426
23 276 0.04611539118525663 1.2339669420412414 0.8244162234144787 0.8244162234144787 0.8446197561206776 0.8491321668085969 0.8625751085124821 0.8856896508492317 0.9071675321376776 0.9106233191379114 0.918476053593184 0.9445998464245474 0.9530658528101872 0.9679499345467246 0.9748675529819912 0.9917508429060944 1.0017499015919318 1.0157782074685051 1.0284567769688673 1.0499759782645726 1.068084856824153 1.1241593420562412 1.2339669420412414
24 288 0.04645308667531698 1.2334511809722806 0.8218313712390662 0.8218313712390662 0.830724161459496 0.8449906554275249 0.8656174367701343 0.8865933369747201 0.9069948332427504 0.9118579702135068 0.9193059038138047 0.9545954559920277 0.958671515674938 0.9694093024864181 0.9757954705393279 0.9857134352324473 0.9993084285130461 1.0190486831290704 1.0226160995209186 1.052007090640408 1.0760099911731151 1.115968515773279 1.2334511809722806
25 300 0.04729243970293049 1.2432769773954795 0.8136101542609029 0.8136101542609029 0.8258769159748416 0.8369597360877588 0.8646057062358107 0.8769838575303215 0.9007875185573551 0.9168955385658704 0.9184304743978765 0.9446695666978892 0.95655980904645 0.9640418713888783 0.9786244277984437 0.9861989021294649 0.9969954767559994 1.0171491456757211 1.042403909779311 1.0543674173430264 1.1081413930261397 1.1144935250425139 1.2432769773954795
26 312 0.04737529082971897 1.2410420023574478 0.8162066390943383 0.8162066390943383 0.8244363586768546 0.8422008921153221 0.856664862228133 0.8796040726751713 0.8925815774800749 0.9157937787203365 0.9185471566599164 0.9324882429143623 0.9526294074515785 0.9559846311328953 0.9763481119027134 0.9848541981917831 0.9943245848609182 1.0155006650542255 1.046706992956847 1.058868344545829 1.1108622025638923 1.1331889522723888 1.2410420023574478
27 324 0.04641905685065872 1.2537604630938808 0.8123120046159814 0.8123120046159814 0.8253036339315062 0.8424269474212469 0.8529879100356826 0.8726287009685719 0.8818378192351803 0.9099469822121724 0.9221936632969229 0.9259339003377002 0.9412696831731389 0.9539910816833067 0.9762492967855855 0.9794007855319689 1.0021642619774893 1.0159358517430228 1.0518961446059356 1.063877308276929 1.1081932611761582 1.1397774947160835 1.2537604630938808
28 336 0.046319267145034294 1.2733670879535364 0.8065477899589022 0.8065477899589022 0.8198211037112457 0.8415734261924596 0.848918401514065 0.8629110031786233 0.8827319040581049 0.9060374706454962 0.9197923029949361 0.9274653288329462 0.9379668486441107 0.9575059149683404 0.9680302998705983 0.9726241464352482 0.9985824840848977 1.0121788226655328 1.05036374326648 1.0597209232806988 1.1024236312658318 1.1409059114576685 1.2733670879535364
29 348 0.04620568516505046 1.2951790661077058 0.8067049656305284 0.8067049656305284 0.818232879058388 0.8310673332980238 0.8467032437084586 0.8585848183478233 0.8789445620518732 0.90805948705137 0.9200092791197159 0.9231606651757989 0.9354471299938695 0.9556393205178745 0.9677633891848509 0.9783431782667821 1.0000472839637315 1.0053991964233508 1.0495265562019926 1.0564037749704276 1.0987286706819932 1.1272130025095002 1.2951790661077058
30 360 0.045879451643686446 1.3026718206851078 0.8017969480643826 0.8017969480643826 0.820402538048566 0.8284103219794076 0.8410471983518507 0.8629158572651883 0.8758474020960771 0.9061727507840255 0.9123332143785329 0.926798921263602 0.9426697065713181 0.9480740031305235 0.9560264269868244 0.983917752547561 0.9982474720914354 1.0057739182154215 1.0451164054872062 1.055033904873973 1.0982284803089994 1.145395712320956 1.3026718206851078
31 372 0.04473388739479149 1.3180997291189358 0.800111712809106 0.800111712809106 0.814621477192223 0.8218308588581706 0.8448549787560633 0.8646890381605249 0.8713443785019984 0.896747273097629 0.9123546383271969 0.9222642186079595 0.9359143903810411 0.94245159238566 0.9582541852744098 0.9772033230894124 0.9955263439897992 1.0065143356620445 1.047771816231425 1.0529130457862372 1.1004050599130006 1.165556164414401 1.3180997291189358
32 384 0.04412240243397379 1.323642150864408 0.7933242972233279 0.7933242972233279 0.8096797384851395 0.8163959733098838 0.8379760283172499 0.8628492322932843 0.8756729695455422 0.895345314637144 0.9152385432859362 0.9183668447646632 0.93360044045285 0.9447392941720322 0.9591459917864005 0.9763015443920086 0.9920766749466049 1.0069301148144731 1.0413988849830718 1.0667447330790445 1.0874419174237142 1.167904023609203 1.323642150864408
33 396 0.042775980873915376 1.3279396158232737 0.7885778600607491 0.7885778600607491 0.8091564975482135 0.8132341204655393 0.8312905916874002 0.8657359739827066 0.8796842991614804 0.8949167485150991 0.9082060364679296 0.9196294179890281 0.9314420849527202 0.943194268361014 0.9649223007408932 0.972919438908224 0.9947731623763507 1.0067992910422945 1.0296131017709573 1.0773580406936654 1.0824190318624738 1.1636385059171528 1.3279396158232737
34 408 0.04227944376430324 1.3142236354570374 0.7833699091203479 0.7833699091203479 0.8040623350789291 0.8079206975602735 0.8314236321627416 0.8597405090720196 0.879440176989851 0.8903423698643296 0.9018130884380009 0.9240393029767441 0.9407381721972876 0.9459187622549629 0.9549436023112406 0.979043502478692 0.9900618087996805 1.0101623230349286 1.0259946850788766 1.0784548119131325 1.082617268628339 1.1734211200084002 1.3142236354570374
35 420 0.04050735854179317 1.3140743620810047 0.7812954238582238 0.7812954238582238 0.7913568964955914 0.804540646802387 0.831476656766756 0.8576145330453222 0.8784089183351482 0.8956665590020843 0.9037158198038072 0.9229915938030112 0.9405127249675574 0.9447348146838737 0.9536095891098884 0.9713910482805914 0.9856294320936092 1.00791388213469 1.0300482780066673 1.0760241010357465 1.0785922021466725 1.1854769126862699 1.3140743620810047
36 432 0.03853564434828851 1.3141072558727158 0.7874813120905042 0.7874813120905042 0.7895190024144422 0.8053455602312072 0.8229674509311642 0.8499632132424625 0.8771580833554217 0.8900990576802698 0.899982916621192 0.927776927172509 0.9452327812877163 0.9471671863110752 0.9526545352389408 0.9699205856523897 0.9843200736266255 1.0004925854678586 1.0292824390156048 1.0705828740516887 1.0912800854328202 1.1868239187214253 1.3141072558727158
37 444 0.037778484373203025 1.315435702499329 0.7770546139878519 0.7770546139878519 0.7861079714212336 0.7997686932658693 0.8241577554141888 0.8501815114757301 0.8748387668258594 0.891186450572642 0.8982784980900765 0.9306588686144673 0.9355425834316767 0.9447714191508466 0.9526668126688252 0.9714353419589365 0.98348606902054 0.9937399461203049 1.0293769700362037 1.0566841817675718 1.0962794412273527 1.1888909820706228 1.315435702499329
38 456 0.036326476065059794 1.3201088905527976 0.7677186231611332 0.7677186231611332 0.7854586621287017 0.7941961403771393 0.8243333569486133 0.8497607288612217 0.8747757651322913 0.8857352102023887 0.8973330008598089 0.9198307600495518 0.9352663274253618 0.9395824856616382 0.9481459635454532 0.972567908180283 0.9828700794451407 1.0028357062020914 1.027200662461629 1.0566599149076967 1.0984807215984451 1.1953627049677833 1.3201088905527976
39 468 0.03565039360296398 1.3179317791273548 0.7673623086474806 0.7673623086474806 0.7732547483981814 0.7894687820946258 0.8219971568145201 0.8475683444842091 0.8669696003253191 0.8858936405137946 0.8977282150466458 0.9211538402731545 0.9345983940227067 0.9390106562897398 0.9491917618482681 0.9702204321951721 0.9815092265149549 1.0061574709440324 1.0273933461810663 1.0562227649462603 1.0906018980989372 1.1934599403916508 1.3179317791273548
40 480 0.0350904090495735 1.321150442879145 0.7559850332886799 0.7559850332886799 0.77650889641498 0.7852867240093612 0.8098682237996213 0.8407763348551122 0.8676632786570921 0.8892550180126398 0.8916168374521644 0.9159938111904281 0.9321091193721274 0.9343015584102342 0.9477560409179377 0.9692088043862493 0.9789464944571306 1.0234668415659591 1.042883714843343 1.0522740668277255 1.0885611542952223 1.1872678894115587 1.321150442879145
41 492 0.03504817110474604 1.3329237487052277 0.750150000740257 0.750150000740257 0.768061652441096 0.7956761952853681 0.8102494813121731 0.8420731252513635 0.8669368225275396 0.8708543697204651 0.887990128579249 0.9172758105684732 0.9247555267462513 0.933912576266448 0.9498143211488085 0.9658249080761553 0.9842044146133424 1.0154836636747973 1.045849645054106 1.06628676993019 1.0904611762950622 1.1835573099849177 1.3329237487052277
42 504 0.03349622048565475 1.3292877438027624 0.7499017167146574 0.7499017167146574 0.7661329505153037 0.8016330126802773 0.8087256748816213 0.8406840474308969 0.8623381730671399 0.8720973451221316 0.887281981723336 0.9186985986031032 0.9242942349586992 0.937510758993704 0.9433352705012796 0.965504849162647 0.98548875994893 1.0116151631366457 1.0394616327823971 1.0617952089629215 1.088573971756645 1.1890221283617046 1.3292877438027624
43 516 0.032987630392149546 1.3287172811541867 0.7495882449188094 0.7495882449188094 0.7655074478028986 0.7956293035208699 0.8104917659634698 0.8397151229086458 0.8571547906490568 0.8671612923739692 0.8886929410157188 0.9116879316854044 0.9254741112316812 0.9313735351712503 0.9403444552244964 0.9623386747641876 0.9886724563700211 1.0092607076298854 1.0386321462104087 1.060449932946856 1.0851724517553516 1.1972950081143634 1.3287172811541867
44 528 0.03306707194931176 1.3241020843129363 0.7436004126750103 0.7436004126750103 0.7665353793115706 0.7945658097334548 0.8104149450902375 0.8386812790197427 0.8582187646116334 0.8607658976748385 0.8942376218017217 0.9108449908727715 0.9226391814531549 0.9334278946004254 0.9463967741417345 0.9582762183387775 0.9926566687720483 1.0113771118654449 1.0457989406379895 1.05461498472697 1.0768924621344187 1.2045900176760425 1.3241020843129363
45 540 0.03201414541366173 1.316201999990198 0.7432218676650296 0.7432218676650296 0.763948780385357 0.7912103439318537 0.8127236959538743 0.8367495496739468 0.8566479452150205 0.8666777663078657 0.882120093972231 0.9102139924792678 0.9166063974198396 0.9356372993438379 0.9512026998416792 0.9631805252547875 0.9920884911256388 1.018552286339654 1.0473074364149764 1.0561967190254615 1.0728761502139859 1.1946849622655056 1.316201999990198
46 552 0.031133057019361036 1.3152296508196606 0.7395546938520222 0.7395546938520222 0.7586867491103853 0.795338925060037 0.8147473314736486 0.8314951838898847 0.8579348986657854 0.8662465318775224 0.8717059839849779 0.8973431355426422 0.9205771654124699 0.9290631311994286 0.9545984500153766 0.9653556980700807 0.9891431071191898 1.0105791094903027 1.043585213767655 1.051922316248266 1.0843600571652416 1.2028737579392743 1.3152296508196606
47 564 0.03177899416280981 1.3143661479696795 0.7353927127374491 0.7353927127374491 0.7562165405085274 0.7962246842504855 0.8119585967530527 0.8345232190321111 0.8547109294609502 0.8651905435160827 0.8668129079755035 0.8861490907511448 0.914636998162717 0.9252807444972013 0.9534954677792238 0.9692727949188877 0.9926708657380259 1.0131567705725597 1.0397866239341529 1.0490964771485678 1.0884142193547655 1.2078058983369033 1.3143661479696795
48 576 0.03152646216887222 1.3052996081676265 0.7302381500573317 0.7302381500573317 0.766255452287134 0.7926284775634848 0.8032914597954639 0.8326074818076407 0.8528793603089193 0.8618638755193135 0.873086415234486 0.8909229069852743 0.9164073719495226 0.9199958277447041 0.9490312302789901 0.9656427817503708 0.9804420203260327 1.0056131924611968 1.0432475295905712 1.0531402988957068 1.111822194301328 1.223397054568728 1.3052996081676265
49 588 0.03239839068553807 1.3167728533610787 0.7292472582408428 0.7292472582408428 0.7530802916984316 0.7906519652045869 0.8018963534093214 0.8303297223424088 0.8500653493714401 0.8557713652894335 0.8752680354654588 0.8927659250654888 0.9163983976725065 0.9277636300634725 0.9412169059637374 0.9633746499383196 0.9888151638723571 1.0023043728959535 1.0411334937978296 1.0643925474865705 1.1195305755266898 1.2306149035564542 1.3167728533610787
50 600 0.033250447846416085 1.3143047277476407 0.7301065642017794 0.7301065642017794 0.7546570163477626 0.7873986208287893 0.7910989222435673 0.8304044253440613 0.8456165428525101 0.8473745539185497 0.877230859746446 0.8912494262854929 0.9139242159080462 0.9251580420136051 0.9416491926217697 0.9599564355074904 0.9896431551158188 0.9952924354941199 1.0508797689541118 1.0660770457517028 1.1363258718673614 1.2250479302562052 1.3143047277476407
51 612 0.035433889546118306 1.3166346596211667 0.7320236952905621 0.7320236952905621 0.7573881962022331 0.7806014301354558 0.7891479702050527 0.8332179118616454 0.8446036347626665 0.8499727720869015 0.8730808579269934 0.8917760114975284 0.9090968463440183 0.9233151798983376 0.9392685719005588 0.95806862207675 0.987428167160189 0.9916794006626167 1.0585592747450587 1.068385566743208 1.1378736683654846 1.2326379356160873 1.3166346596211667
52 624 0.03660412281953599 1.3137838046116384 0.7344503546027951 0.7344503546027951 0.7590072311933378 0.7789542596735359 0.7914666195096618 0.83068236556545 0.8435507249443511 0.8547490170225475 0.861192956840743 0.8897405621381121 0.902084733035232 0.9184279595044805 0.9365513847647136 0.963082749304622 0.9897845077854576 0.9936481192752115 1.057913232152482 1.0861858039773304 1.161970409441843 1.2319718219134204 1.3137838046116384
53 636 0.038094321428990524 1.316310217118809 0.7317217376462398 0.7317217376462398 0.7601249078296737 0.7747727205562445 0.7870583325338564 0.8215592742485147 0.8428224034478158 0.8548708407647843 0.8606304644029564 0.8861711839338964 0.9082303977437908 0.929497959968288 0.9380896232876785 0.956371307878955 0.9923635774137856 0.996292654905432 1.0530912614636638 1.0840926092994396 1.1698036828322769 1.2328623363512228 1.316310217118809
54 648 0.03860886135041671 1.3075678569729574 0.7321223323835727 0.7321223323835727 0.7591033119230935 0.7749592661479827 0.7846081807380709 0.8131032360484457 0.8418336905639752 0.8538251526991965 0.8610433024322642 0.8885807764072384 0.907858017932337 0.9213904473758336 0.934417557645162 0.9487628456341334 0.993196112268548 0.9964192876469816 1.0561747637152388 1.08157129616303 1.175837697643778 1.2551653635874804 1.3075678569729574
55 660 0.03822714770265235 1.2940302707759272 0.7289897318039041 0.7289897318039041 0.7546526132444947 0.7763620150863103 0.7858172392823879 0.8088647103984278 0.8323644304584953 0.8471312031496222 0.8583383020353882 0.883471339619822 0.9101175498507086 0.9241973187333286 0.9446975323539952 0.9692275025901463 0.9856583685583145 1.0034104555264627 1.058561059758684 1.0734643932798158 1.184923360360953 1.2601940226614357 1.2940302707759272
56 672 0.036772746204171515 1.2941312902182613 0.7244566043384314 0.7244566043384314 0.7516313219070215 0.7746800177808462 0.7860281829045667 0.8093140908374806 0.8322506188410337 0.8451660121639345 0.8542067778219977 0.8827725922062383 0.9079105918176148 0.9216221344380419 0.9401788628230249 0.9692468745057542 0.9813657939039439 1.0062571641254285 1.0556260372038053 1.0726194218381249 1.1820017372307026 1.2636824354751497 1.2941312902182613
57 684 0.034455119826711456 1.293632807614315 0.7240102804387489 0.7240102804387489 0.7511924975124388 0.7694606790555897 0.7848207928750365 0.8121953731135939 0.8311670849767279 0.8451850958178783 0.8526930273160006 0.879163239802562 0.9042738114085077 0.9282494473693206 0.9304831919967487 0.9680118257999157 0.9813985447723096 0.9978863117113432 1.0591063072491622 1.0731199497532316 1.1845681819964957 1.242788866499892 1.293632807614315
58 696 0.03293062017024743 1.2828916073072534 0.7169038755747625 0.7169038755747625 0.7453975863418653 0.7665062766806869 0.7813208909008065 0.8092361141729856 0.8302591499758522 0.8438663575846086 0.8535124874618845 0.8836603568629634 0.905023164697899 0.9194483755866697 0.9306893397760189 0.9659694047422753 0.9703255799188233 0.9956063380305193 1.0606159945989677 1.0756865473629034 1.179449548488222 1.2363369071594787 1.2828916073072534
59 708 0.032594282699439925 1.2844374043602795 0.7152338979421462 0.7152338979421462 0.7442577500920314 0.7620054012069731 0.7769349333913627 0.8085337633282397 0.8261819838706941 0.8385889143945793 0.8517051260191748 0.8826213152114932 0.9009680367921806 0.9166606239841634 0.9388988939650015 0.9594942414636745 0.9657402784777843 0.9984294084813992 1.066037856285672 1.080377364525414 1.1740793559718439 1.2348468527844692 1.2844374043602795
60 720 0.03237865007752458 1.2732192718204498 0.7222177578748952 0.7222177578748952 0.7502810874972011 0.758959519063077 0.7790859387287095 0.8017519176129445 0.8247456049026288 0.8373533507762708 0.8527564777560409 0.8775864348967124 0.8960999476974078 0.9186059345749505 0.9447885404171845 0.9632906559617069 0.9702458461910589 1.0039828454791662 1.060192914835742 1.0807708447754079 1.1704298909218254 1.2384311941442028 1.2732192718204498
61 732 0.0313728503872768 1.271297269115086 0.7241405691020194 0.7241405691020194 0.7547253502603678 0.7593643087447008 0.7782626786932199 0.7946164155595588 0.8228971909983693 0.8353924904717609 0.8467260659084674 0.8729170045642155 0.8945189007412837 0.9205766223888979 0.9472971795410696 0.966512493246232 0.9718228648461362 1.0041549633464628 1.050572255940567 1.0882763473626875 1.1674151951369647 1.2307810573327438 1.271297269115086
62 744 0.031322247287883236 1.2710312539806503 0.7211976919481539 0.7211976919481539 0.7546107297451048 0.7630577995183332 0.7767064727850362 0.7891616517931254 0.8060187835399523 0.8331451520027946 0.8451354055312154 0.8749392256429955 0.9052598598144058 0.9246066223353288 0.9382255710793436 0.9630275113962115 0.9735812640114107 1.0096704936683745 1.0472951359702833 1.0868002283184814 1.1729798055274288 1.2291315533475948 1.2710312539806503
63 756 0.0309690657878638 1.2780632479498186 0.7192081083852531 0.7192081083852531 0.7541551906713576 0.7619919402571043 0.7710841991651141 0.792262404305372 0.802275679659716 0.8270220608645679 0.8356337776064094 0.8793862292372285 0.9080109514828059 0.9237242554380984 0.9361132565668289 0.9512925659239434 0.9684060430192017 1.012090740336985 1.045547344697724 1.095900291201328 1.1647226275908042 1.2477301323297891 1.2780632479498186
64 768 0.030456140326485234 1.2844974664334794 0.7229297958661896 0.7229297958661896 0.7527567868191876 0.7558971946825291 0.7664426314495573 0.7906903097634106 0.8044712787323656 0.8181698429172302 0.8335650571486619 0.8788703059979226 0.8951662939522899 0.9224795488277908 0.9308175743604105 0.9495770800834381 0.9647041682177462 1.009794150631752 1.042833829003617 1.098409793178393 1.170588811557385 1.2530126863126954 1.2844974664334794
65 780 0.030156002196741614 1.2858871979519302 0.7202671441913454 0.7202671441913454 0.750122204424356 0.760305762075413 0.7677835790166596 0.7971256654137783 0.7994994301099162 0.8171655050245641 0.8351079673196333 0.8813089077650522 0.891147613804509 0.9153008588453657 0.9318962298364297 0.9382577220316375 0.9655896902469036 1.0129158802569365 1.0429897626882842 1.0959528192241543 1.1540944403340527 1.2556246338757566 1.2858871979519302
66 792 0.0295782205828406 1.3027934779770318 0.7109156000265148 0.7109156000265148 0.7376299527320876 0.7661160942806219 0.7680818914782053 0.792535160392553 0.7997944721430744 0.8185726644999312 0.8299769049515316 0.8773714446225858 0.8885872723337725 0.9148087806185904 0.9271121903588664 0.9376240564571215 0.9668204206208952 1.015274893054022 1.0453134295479902 1.1016101817747757 1.149575246653285 1.2661495681097639 1.3027934779770318
67 804 0.02821194620843406 1.3155353726817736 0.7089558338876444 0.7089558338876444 0.7256057616949408 0.7619224234722836 0.765935422050906 0.7931483597262629 0.8002345243164122 0.8143820383871303 0.8227003847442008 0.87889584949124 0.893302205998294 0.920786768304762 0.9284807989902678 0.9322209253096948 0.9646689105453998 1.0176917931538725 1.0602208734917045 1.0933885630903255 1.1457859832725896 1.2563470195940156 1.3155353726817736
68 816 0.0261976187930444 1.3207071535980055 0.7061207905028174 0.7061207905028174 0.7266279275847678 0.7539642053196665 0.765424099930448 0.7865676091392234 0.8081551890069112 0.8170844929040194 0.8210522341678914 0.8736495683168453 0.8918740948245766 0.9116650583753518 0.9323902111025008 0.9386159337138447 0.9591210030492797 1.0134339852349563 1.0657613935290429 1.0930615583585277 1.1445411977996591 1.26191676337384 1.3207071535980055
69 828 0.0250382760869623 1.3163464924886756 0.7070281136801745 0.7070281136801745 0.7191900086391624 0.7495883485715398 0.7573332080042403 0.7847065893180327 0.8038668618910232 0.8160603519306512 0.8207414457743788 0.8764446653792304 0.8897695179602162 0.9069724823951012 0.9328404116213811 0.9400480121072403 0.9536144928806213 1.006676232202181 1.0643809715973886 1.0927119059685784 1.1364472184231613 1.2713582893439699 1.3163464924886756
70 840 0.024899728908577626 1.316913430011622 0.7035213514792347 0.7035213514792347 0.722857388783391 0.7453463785031351 0.762334698544136 0.7793380046938786 0.8033979455506889 0.8147812428753007 0.8226709144342386 0.8676487168739301 0.8686982837328843 0.9008138229738106 0.933479325687394 0.9421144585117971 0.9486957400748949 1.0018061634265572 1.0788571962070697 1.0851872744543376 1.1395807859151064 1.2781366035530242 1.316913430011622
71 852 0.02466674723255288 1.3253169207327402 0.7005410188213931 0.7005410188213931 0.722120186255736 0.7520963026672296 0.7609166697950824 0.7865633333860175 0.8024000160990475 0.8198181083416392 0.8244512215587232 0.8643067111423091 0.8726210197648717 0.9006084897566385 0.9293045827418938 0.944998716149744 0.9529921620235574 0.9987770207249529 1.058320815249986 1.0812948236651292 1.1395717221052326 1.2828237524264647 1.3253169207327402
72 864 0.02417812571912136 1.3283185594021736 0.6982352436676206 0.6982352436676206 0.7126760948497767 0.7478670961728058 0.7540015914760257 0.7883229195096715 0.7948007673921513 0.8183450869690653 0.8343577061035242 0.8598704936389368 0.8704313426149694 0.9105785630859785 0.9245475694252436 0.937072374068972 0.9601146521884163 0.998659808213717 1.049320847398703 1.0825331704278451 1.1424266500816707 1.2758976169422929 1.3283185594021736
73 876 0.024241195394747016 1.3183870010082155 0.7014522688353627 0.7014522688353627 0.7066935309896555 0.7461697833009677 0.7519355518222758 0.7847177844748694 0.7952933125856615 0.8195632966195256 0.8410274954051953 0.8615751984366261 0.8724405278119688 0.9043393195533814 0.9249384548195737 0.9371417763067368 0.9541484678049367 0.9983283786864331 1.0507259945339733 1.0736486039013007 1.140077546670062 1.2805096616109064 1.3183870010082155
74 888 0.023799654784221934 1.333898899087054 0.6997268347338623 0.6997268347338623 0.7067491439515181 0.7465087719566634 0.7496815910721712 0.7810858500620428 0.7877530320401379 0.8135191381980655 0.8446980761504121 0.8566300157897806 0.8642981848980893 0.8958919476746897 0.9256248810157307 0.9414352360881434 0.9531126062113098 0.996828127422678 1.054841869154445 1.0757630779853982 1.1420149778657915 1.2805240069551767 1.333898899087054
75 900 0.023601815065434604 1.3297648517649234 0.6983411224915471 0.6983411224915471 0.7074870733584111 0.7385105633108535 0.7593418065838982 0.7709906480667087 0.7854248491663194 0.8081217669090799 0.8433015757604163 0.8600307314526076 0.8657555649238116 0.8917234139607119 0.9208415351473213 0.9438234503401762 0.9512240542845726 0.9940628807285573 1.0619828247083554 1.0757230095066912 1.1478708992014397 1.2805477837855976 1.3297648517649234
76 912 0.023388295708644233 1.3227548655120158 0.6915893685327599 0.6915893685327599 0.7067800708389287 0.7299431601655585 0.7613410011747208 0.7667779528718923 0.7894914843814552 0.799967089620625 0.8440214571313571 0.8646401021222886 0.8690302428734897 0.8848215241974867 0.9194418921329763 0.9463627630499979 0.9608601619164249 0.9945393406758037 1.055266560749508 1.081538310339384 1.1461568552699415 1.2986721282384308 1.3227548655120158
77 924 0.023115465589141817 1.3402316349386587 0.6900184119810042 0.6900184119810042 0.7024968021574928 0.7349876954084845 0.7578288271277146 0.7627812467282249 0.7848894955665359 0.8021212289413214 0.8445134768911606 0.8629554059560262 0.8682898737630571 0.894721476184241 0.9151584246346663 0.9455176862473729 0.9604273018750152 0.9900628448513495 1.0545133719434459 1.0785923462728444 1.144102313274285 1.2968984565253758 1.3402316349386587
78 936 0.022527000106314313 1.3545907936157557 0.6872077924295298 0.6872077924295298 0.7032120484495173 0.7301218669101758 0.7430218360930366 0.762327934342195 0.7818800784308559 0.7972468022242295 0.8490992286521604 0.8623478815164023 0.867347154649999 0.891919012230896 0.9135556685911135 0.9425070395331347 0.9646268959604445 0.9915065795188487 1.043429244700312 1.0791933895688266 1.1453659103099343 1.2764387928127112 1.3545907936157557
79 948 0.02267258683084297 1.3561921004376798 0.6764201799779623 0.6764201799779623 0.7052930841946482 0.7262143900112072 0.7409473474989163 0.7582133234337484 0.7829738699279273 0.7911491513448548 0.8479361430114258 0.8582887575042907 0.8698938385742061 0.8944760280980176 0.9182843367851952 0.944724006110435 0.9646030449558888 0.9906549011177694 1.0469236454551754 1.0807393568882346 1.1426470987042046 1.275338585119339 1.3561921004376798
80 960 0.022688269496948996 1.3527375187996658 0.6786576878885301 0.6786576878885301 0.704835411310336 0.7225553195188374 0.7340686584463951 0.758236252649535 0.773801842509511 0.7930457229787354 0.8411384556622024 0.857139550278683 0.8680807208648025 0.8915668644587981 0.9164297492933653 0.9497236199569535 0.9641207593533028 0.9934963258552978 1.0470844675492301 1.0918633919463039 1.136039923806562 1.2794570898555075 1.3527375187996658
81 972 0.023297554642651406 1.3576301526808787 0.6724156236832872 0.6724156236832872 0.7044286079676666 0.7253266901896401 0.7346008527518674 0.7575346583678496 0.7669594259323834 0.7993687476017777 0.8414304144843704 0.8552597998624065 0.8661893573737869 0.8806404362686016 0.9093721245188814 0.9485080248938752 0.9595508332829078 0.9922391046465616 1.0489334349568267 1.0917610814054952 1.1361645602258774 1.2717064500435804 1.3576301526808787
82 984 0.02373425648704635 1.3571484211699423 0.6668304791471932 0.6668304791471932 0.7107130293309326 0.7257413185923888 0.7339113297589924 0.7544248043423631 0.7625537059715087 0.801058457733651 0.843476744401721 0.8526181049397712 0.8676747314918948 0.8757306732300905 0.9094552102195345 0.9465412041753076 0.9622895109409761 0.9916335860921998 1.0426596792243406 1.1106558678688505 1.1448271796863494 1.2643068532576236 1.3571484211699423
83 996 0.024046160073569495 1.3676280679681458 0.6670497022056359 0.6670497022056359 0.7092457498499404 0.7225589550503974 0.7367536620869071 0.7528210559791385 0.7633109298057456 0.8088854796444208 0.8438320993573669 0.8572880469841353 0.8680268100971591 0.8770216283918391 0.8988495093288051 0.9446819150239619 0.9611115485912267 0.9983222251678179 1.0372072468610567 1.1160403206697107 1.1495218617327017 1.256895067668821 1.3676280679681458
84 1008 0.024533092654908426 1.3588292665366224 0.6627674229617612 0.6627674229617612 0.710150206620315 0.7180590381630778 0.7368860033635692 0.754910254656283 0.7740261344781514 0.8105141396802448 0.8424088321338438 0.8563291841575091 0.8639374149123901 0.8740118163899171 0.897808155481516 0.9404310749873562 0.9590663125404326 1.0044842300140722 1.036462619655384 1.1170937367115632 1.1547521158497769 1.2521399763704844 1.3588292665366224
85 1020 0.024819018136289756 1.3548566136953109 0.6651517896796694 0.6651517896796694 0.7060372266540005 0.7122885036438787 0.7348148440985106 0.7556133309478356 0.7702354776516931 0.816660806556997 0.8377493790513016 0.8504414545111533 0.8625621730617805 0.8709373713418543 0.894901583760195 0.9455986816218362 0.9638548609805259 1.0051502946383972 1.0318434474095086 1.1171368864267566 1.1624120258360522 1.2526394974136088 1.3548566136953109
86 1032 0.02479107408099061 1.3654113578174771 0.6667091365612204 0.6667091365612204 0.7057972497868706 0.7105908405723635 0.7266965962475899 0.7477840173852136 0.768896091934459 0.8298932424377266 0.835014534821105 0.8465682305670228 0.8627171161874583 0.8772057339616302 0.8969525760398739 0.9349929220104538 0.9659676207187508 1.002296758082446 1.044775009485043 1.1207068356072158 1.1653916278073742 1.2466264180022337 1.3654113578174771
87 1044 0.02430809513513413 1.3711987149563503 0.6654995695864743 0.6654995695864743 0.6994735135899786 0.7053416644671068 0.7284602211988492 0.7464118768726411 0.7702401521108565 0.8235329322039632 0.8289922976144769 0.8423253439030578 0.8639011123280916 0.8736274222727873 0.898844196593873 0.9392159992351699 0.9565052133666047 1.0012523640299429 1.0445847830756585 1.1198517400121495 1.1636406348598798 1.2490209082819694 1.3711987149563503
88 1056 0.024264236684292746 1.3629844373025692 0.6665811995711604 0.6665811995711604 0.6941147106361155 0.7142890147488091 0.7303245283234612 0.7467065376013938 0.7672713520694225 0.8177279332207702 0.8300426426366591 0.8361244611211005 0.8628110930960827 0.8717135855468475 0.8817054778758645 0.9453647506822856 0.9567479248499585 0.9951558103770267 1.0450265361139777 1.1251745536728581 1.1628476114525343 1.241806543229429 1.3629844373025692
89 1068 0.024430552025680393 1.3622181832927427 0.6650847105266897 0.6650847105266897 0.690803777484033 0.7155904296212962 0.7269253450203141 0.7451394156732963 0.7730531543193411 0.8159595505019617 0.8227848924031201 0.8382431941647287 0.858803054213371 0.8757548135550498 0.8803340437974374 0.939957286327002 0.9645590960718015 0.9890032636748876 1.0395596210983853 1.1419182917376443 1.156282379190049 1.2433981753681698 1.3622181832927427
90 1080 0.0233187390729554 1.359747839386674 0.6689644707740933 0.6689644707740933 0.6878866942518856 0.7131034584044481 0.7183083106189849 0.7463159446636524 0.7617962454497329 0.8124630853991376 0.8196026585176931 0.8374456269849757 0.8623255530726602 0.8772376745187297 0.8794165832391789 0.9387207772533852 0.9660969533521162 0.994485572657286 1.0426334486700768 1.1299676282731714 1.1605923029100937 1.2346704374632997 1.359747839386674
91 1092 0.022135218895975268 1.3563949590133089 0.6666976865926532 0.6666976865926532 0.6905496584987532 0.7108386175420602 0.7205380154496825 0.7443953714648905 0.7645429562043168 0.8089469376434782 0.8137435973950438 0.8347103023740639 0.8647250192778221 0.876853601788678 0.8812633027996765 0.9309718188943731 0.9640058116387155 0.9887019443470935 1.037942501696275 1.1207402968372215 1.1655712263892153 1.2210335330824906 1.3563949590133089
92 1104 0.021232298906165778 1.3512982486270273 0.6578427431408431 0.6578427431408431 0.686916713442355 0.711286422188947 0.7208761799536801 0.7409784589318175 0.7645234830077184 0.8091730864648984 0.8169140356183248 0.8321106346030837 0.8587720780157865 0.879593611491076 0.8808349942982131 0.9337955963380741 0.9617390615233702 0.9856953468863912 1.0390851468708788 1.1325812705450222 1.1545018717028237 1.2200796402530714 1.3512982486270273
93 1116 0.019986969709366368 1.3344837575117947 0.6607543955965791 0.6607543955965791 0.683234964772445 0.7024005005006323 0.7202940748557342 0.7379766376364374 0.7688548057894536 0.8056994555698842 0.8166944282830261 0.8301135940814097 0.8563197853895136 0.8695499557050024 0.8791870938520538 0.937660014692219 0.9672154608475539 0.9740330002631139 1.040665435000099 1.133579574197569 1.1537972366796885 1.2263487845485574 1.3344837575117947
94 1128 0.018737413505510767 1.3411768660570018 0.6596442245452164 0.6596442245452164 0.6798993512718778 0.6956905443732186 0.7245127069301935 0.749100736165171 0.7683799809303172 0.7945318416389983 0.8146383111141938 0.8254732688736254 0.8401418503504213 0.8682529512142271 0.8847114557303483 0.9365790802245141 0.9684626454373645 0.9774574593748593 1.0467880454341063 1.1333229930695932 1.1586631878716838 1.2235321132566228 1.3411768660570018
95 1140 0.0181351139094082 1.3436944581561778 0.6619099787444974 0.6619099787444974 0.6688902091735132 0.690352988456593 0.721915843733241 0.7475378963430865 0.7676622277150755 0.792103078843469 0.8118144022016183 0.8320711697197942 0.8424296596875139 0.8692722375712524 0.8832574674443875 0.9346121812674719 0.9683410196582198 0.9786189892426833 1.0450685923243612 1.1275107647243934 1.1540021598276378 1.2262863843757128 1.3436944581561778
96 1152 0.01822818324170153 1.3449788896081705 0.6603620755320808 0.6603620755320808 0.6717563652902617 0.6860252172203541 0.7131044754585047 0.7453273450577121 0.7549803469887394 0.7928811748908149 0.8129467240551823 0.8343097915003793 0.8424603792371415 0.8690171960596518 0.8849241761828003 0.9273154771911595 0.9613190014495089 0.9769044957496781 1.0613746594178426 1.1260737149127527 1.1568642902502357 1.2166068879845853 1.3449788896081705
97 1164 0.018134972890068525 1.3428009953561562 0.6503740592048958 0.6503740592048958 0.6722167741441142 0.6845427225748794 0.7125858564543432 0.7459645715516529 0.7573649447542058 0.7889606191416074 0.8145159365682468 0.831093155918878 0.839229581172657 0.8787688261894296 0.8880525771995238 0.9225772542203672 0.958612488828853 0.9761030504092905 1.0682782494874792 1.1276279555596054 1.164101214565608 1.2194132466358338 1.3428009953561562
98 1176 0.017626796743839566 1.3368485396605283 0.6453802334906624 0.6453802334906624 0.6696181799333722 0.6834958122350248 0.7074756266532628 0.7428442756607764 0.7589719452872703 0.7878816324935757 0.8008231141429075 0.8267962682179337 0.8405542431151476 0.8807472288981012 0.8891920084719924 0.9273912789491633 0.9581624998429161 0.986807936549199 1.0717091087588453 1.1415684243947524 1.1604346694759713 1.2212750033957496 1.3368485396605283
99 1188 0.01713426634569533 1.3382875317198193 0.6476214215248809 0.6476214215248809 0.666251344540486 0.6806023161135027 0.7057266725859145 0.7381807592957453 0.7572461645001964 0.7873358901995963 0.8040911307530032 0.8261293732031973 0.8492548162605975 0.8804891523972427 0.8912930644211993 0.928135197306488 0.9576484819456248 0.9897699135755705 1.0725205320168307 1.1309798426920608 1.164397519583655 1.212402767576368 1.3382875317198193
100 1200 0.016600483474789606 1.347303110763545 0.6419569620044635 0.6419569620044635 0.6664014038604075 0.6792811312306242 0.7056284704188107 0.7334197838608062 0.7587056296697949 0.7872038767584372 0.8024897818787895 0.8293258742880889 0.8423066655565956 0.8793878240210188 0.8891874706210149 0.9265098163446374 0.9535185137808053 0.9902497852057254 1.0647983946914923 1.1332779755613684 1.1614424527002347 1.1996694899463363 1.347303110763545
101 1212 0.016311084202184304 1.3622722422452673 0.6412141579125874 0.6412141579125874 0.6639776607052219 0.6762084680740015 0.7038797506971468 0.729834059538223 0.7595815300249182 0.7866631494639812 0.8004267316461972 0.8280056362916738 0.8364897123399374 0.8761900962303708 0.8912191487639683 0.9332660268215176 0.9575496238170693 0.9950558115375735 1.0630894325747846 1.1274841747527184 1.1587391780168301 1.1961093737490924 1.3622722422452673
102 1224 0.01620159335808192 1.3738588884269936 0.6345697372120169 0.6345697372120169 0.6667679837193555 0.6770032646729147 0.7053936227617231 0.7375607646848716 0.7594119682172747 0.7844428933054288 0.7877835260645999 0.8275587013301897 0.8383907078187951 0.878620309578524 0.8884660497906389 0.938264702646444 0.946834430935559 0.9883035795501401 1.0690401971344525 1.125852116368403 1.1551073411931 1.195904024742556 1.3738588884269936
103 1236 0.015890432928581284 1.386153507469026 0.624478237715595 0.624478237715595 0.6586544225134061 0.6718380600258593 0.700928459767022 0.7351029163522915 0.7555075184657967 0.7862133118421857 0.7912624937321654 0.8257324388344618 0.8427235132372811 0.8768155145849708 0.8894818081527182 0.9412299188236074 0.9419234665385587 0.9891872852887166 1.0664204038124758 1.1161807656343892 1.1484934452414213 1.2133325645410062 1.386153507469026
104 1248 0.015776279477392425 1.3890317609959824 0.6207576058941836 0.6207576058941836 0.6575422221841148 0.671718362329695 0.7041225431934928 0.7309350733521136 0.7533295003695071 0.7803418971622357 0.7967273937933367 0.822992670142429 0.8448299205523269 0.8809819069773059 0.8859101800642664 0.9326277052135249 0.9457476068281582 0.9876078215756542 1.0622926664880987 1.1212347966165266 1.1396496839185026 1.213725661017576 1.3890317609959824
105 1260 0.015716914958085058 1.3998272148640338 0.6179872153299684 0.6179872153299684 0.6613575309166333 0.6681939723004413 0.6984498822967656 0.7250088410716824 0.7537729525638108 0.7768816837584562 0.793921136266604 0.8216424944710056 0.8370310369380322 0.8778205388283653 0.8941730402745383 0.9323532555234286 0.9472138796110925 0.9910864445907135 1.0598176265376877 1.1190670209099136 1.138967038523373 1.2195065382072028 1.3998272148640338
106 1272 0.015506093331456998 1.4201606920723178 0.6093517349963274 0.6093517349963274 0.6523054237496314 0.6663273157007585 0.7024407446518599 0.7226884556326901 0.7467201741307153 0.7718304406149203 0.7918812977429764 0.8142997295277431 0.8320051265573448 0.875848301177973 0.9105857276058228 0.934871606627981 0.9489286306067979 0.9938145214323357 1.0612270090946219 1.1261628832923043 1.1405278164699455 1.2158842809259247 1.4201606920723178
107 1284 0.015976895354448142 1.4167549135364057 0.6056316884016811 0.6056316884016811 0.6532566079834922 0.6609198106981113 0.7008095028375566 0.7144023241753023 0.7429452717686987 0.7768273675835051 0.7918551056540694 0.8112245012159084 0.8353869395752096 0.8732136904817589 0.9075123405989063 0.9345389717329572 0.9482096992706295 0.999258923957009 1.070760369269831 1.1210842022708112 1.135094396797884 1.2227300474114482 1.4167549135364057
108 1296 0.016640987757069462 1.4231489369042956 0.6042841089433155 0.6042841089433155 0.650010047680606 0.6596632118127942 0.6986328622402886 0.7040685786123652 0.7418985500032983 0.774730510378594 0.7893634808161931 0.8105229280710248 0.8344590188094624 0.871758751810657 0.9082383962175626 0.9362808265481216 0.9695060122999383 0.9984441057903235 1.0745387950848815 1.129649984855865 1.134168370013572 1.2283179624055716 1.4231489369042956
109 1308 0.01718549413439054 1.4287525593903216 0.600956361033336 0.600956361033336 0.6463643796094972 0.6596755809131984 0.6944306919593333 0.7054171640260348 0.7386536425010678 0.7737555768681313 0.7909878280729965 0.8060081798680077 0.8302862228199223 0.8704321638562587 0.9134295568126715 0.9318674349836373 0.9744356922927667 1.0025589766542347 1.0853810749480572 1.1207599737225804 1.1305779614319373 1.234874549572408 1.4287525593903216
110 1320 0.017738881992441946 1.4319422508256203 0.6006382554122984 0.6006382554122984 0.6452658321222416 0.6560760770192935 0.6912018612964574 0.7050391701210117 0.7375849510157919 0.7696516548892648 0.7914449566734462 0.8041671366791838 0.8386362570106605 0.8672848398258638 0.9124999023423307 0.9295072069645719 0.9712707813752705 1.0126731251577932 1.0816004406166493 1.1170632949498578 1.1208436511916922 1.2481395752218842 1.4319422508256203
111 1332 0.018613331795402067 1.4311332989007335 0.5970611688001237 0.5970611688001237 0.6450231303749286 0.6568731542639029 0.6870101528056611 0.7047722438240841 0.7390768887425526 0.7620263494928439 0.7921582065043645 0.8021482131576853 0.8389795260034337 0.869556820150367 0.9074413761813334 0.9273906588788636 0.9770187068115831 1.010519443500185 1.1015712111759826 1.115907117545071 1.1325923176931914 1.2667576476359244 1.4311332989007335
112 1344 0.019610283292839505 1.4319726914655795 0.595879067757858 0.595879067757858 0.6400604195561468 0.6573211307183104 0.6841226635920984 0.7005907664285808 0.7436482742346598 0.7612451442506527 0.7937657691472481 0.8114080674181027 0.8419814952835115 0.8637074052993359 0.9035165419893788 0.9238656776715587 0.9727250660718376 1.00711653758685 1.0999415022999 1.1148280947121878 1.1427845593635073 1.2778833026916043 1.4319726914655795
113 1356 0.019402140342391433 1.4381719400744242 0.5926464528984381 0.5926464528984381 0.6355925258528098 0.6565291311687105 0.6843903060532204 0.7005143954677032 0.7430091269250697 0.7596212552343609 0.7887043818540408 0.8120139662066787 0.8465940154740662 0.8592187197842961 0.9015951478107737 0.9216752803534944 0.9713263018884017 0.9982202349835955 1.0965511677127335 1.1132105633899814 1.1506699461682364 1.3050469204172896 1.4381719400744242
114 1368 0.019387123574881402 1.4290634496134915 0.5914333115633855 0.5914333115633855 0.636897790178238 0.6539323689943232 0.6783488419474344 0.7005816238962436 0.7382192846227544 0.7561398430467959 0.7860743331423578 0.8158174654260626 0.8510235408277914 0.8597933879617428 0.8963863853861215 0.9156292476868899 0.9711681483858317 1.0023383551253815 1.0907962100623583 1.1091067484679742 1.1505208904342352 1.325740073305308 1.4290634496134915
115 1380 0.01987393074165884 1.4268315950074622 0.5953247238147382 0.5953247238147382 0.6341249468513892 0.6529052117591462 0.6809785569948044 0.6940219458362089 0.7336590572902789 0.7582304496883512 0.7807464725317417 0.8199113756426407 0.834076397786722 0.8552434555746962 0.8995403999928434 0.919544074001215 0.9646395367650704 1.002934016471567 1.0903611947749596 1.111431715586707 1.1455757648590608 1.3348966765964398 1.4268315950074622
116 1392 0.020014777698766553 1.4408873733701442 0.5968484232896513 0.5968484232896513 0.6340205755956076 0.6500018842958963 0.680723002934267 0.6927071598854334 0.7259834327561072 0.7624957920773507 0.7798459083767467 0.8190660535246863 0.8320928297731793 0.851605095702862 0.901790804874893 0.9065698693104424 0.9649580930786947 0.9993445494838167 1.0814620539579665 1.108356118198874 1.1527275030554487 1.3560296105561325 1.4408873733701442
117 1404 0.020449732668656625 1.4438504594949664 0.5992040346908771 0.5992040346908771 0.6430343775373846 0.6542947099644765 0.679663815692529 0.6902241596877119 0.7260167287062202 0.7567717524617602 0.7803199620763545 0.8136682162039056 0.8371500913527755 0.8502543083998897 0.9017433473702183 0.9116208929367426 0.9624969608566544 1.0029503186650002 1.0825465069048943 1.1045922921383529 1.1528520349073368 1.3614056429024588 1.4438504594949664
118 1416 0.021080271157776484 1.461427755804991 0.6087717251710797 0.6087717251710797 0.6414720866432501 0.656158701282246 0.6803645184885432 0.6954964750878795 0.7155829554065632 0.7581753628121958 0.7762130825270768 0.8134818537838914 0.8298542611029127 0.8476822415363405 0.9048967677913603 0.9160147484352013 0.9644229344959101 1.002446155737885 1.084706587187506 1.1055315107516273 1.1469471042365331 1.3544127543076818 1.461427755804991
119 1428 0.021339999575715 1.4705885799920821 0.6069621860226972 0.6069621860226972 0.6398850909043846 0.6600656575560451 0.6795563699988877 0.6973022048600932 0.7154688168357212 0.7567607113107032 0.782799549970312 0.8078172645449871 0.8291639520615867 0.8458792487861563 0.9098223220898846 0.9234258912426205 0.9633994081714298 0.996087979587892 1.0870090723035217 1.092561614255039 1.1478270272793147 1.3586025194978284 1.4705885799920821
120 1440 0.021562693254041903 1.4824854822038083 0.6051854325134203 0.6051854325134203 0.6424003908414843 0.6656434602392522 0.6749844289449302 0.6950487012845603 0.7131025633086541 0.755799686895752 0.7704084705094619 0.8044531726313287 0.8243699901572624 0.846330846082918 0.9046632000497108 0.9245483072539705 0.9650043217437474 1.0028951021180996 1.072016619402611 1.1006495851717535 1.1598392632910708 1.3571287725698282 1.4824854822038083
121 1452 0.021685754817671987 1.4818172000467018 0.6091919747454689 0.6091919747454689 0.6363374375072941 0.6624558210965789 0.668313644947082 0.6933777218967498 0.7156656645567492 0.7550785186018547 0.7686970595971815 0.8012820849998443 0.8251713105837457 0.8454827497420344 0.903307455864258 0.9227092593048495 0.9609116452646733 1.0053893846648039 1.0635536124181935 1.1046273651843745 1.1569776989706941 1.368534110619343 1.4818172000467018
122 1464 0.021820456016291526 1.4876504214927289 0.6064773694720259 0.6064773694720259 0.6347172076185117 0.6534931887564139 0.6638664052566499 0.6930580730773738 0.7068057989993117 0.7478866890634823 0.7640748146017319 0.8044839884404509 0.8212718959966941 0.8455632659510561 0.9034145384785081 0.9156468634370617 0.9570682109069446 1.0162647505565714 1.0589258498569467 1.113229741551269 1.157364384223194 1.3703920981614077 1.4876504214927289
123 1476 0.02127068767960621 1.4765280865311106 0.6121724780678592 0.6121724780678592 0.6281452938797636 0.6504271176908076 0.6624432949262594 0.7052313443882469 0.7072505968072929 0.745927202382242 0.7652500184606629 0.8039816701648814 0.81034824222652 0.8439531930613243 0.8981487943744207 0.9196408782532685 0.9554679189760574 1.0122740096890062 1.0588553632913056 1.1139473537340954 1.1550768458857903 1.383043678801061 1.4765280865311106
124 1488 0.02137181335529921 1.476766429442387 0.6119964085726141 0.6119964085726141 0.6177189116580849 0.6494238008590244 0.6653666122615072 0.7049462945565643 0.7071873444046896 0.7561529029404901 0.7654981285007156 0.8030846894974516 0.8076306169859646 0.845531092769612 0.8940623590669526 0.9094593126553034 0.9568944725524102 1.0137928586676854 1.056276544861905 1.1171723463848373 1.1574367335892315 1.3743106639125975 1.476766429442387
125 1500 0.021602543591036437 1.4765360558343494 0.6051298862389488 0.6051298862389488 0.6107339246145864 0.6449459317078167 0.6634969319748182 0.7010852621372893 0.7098182587887303 0.7601157472235888 0.7645754397065595 0.8032741632685925 0.8079882920766783 0.8492895307411547 0.892760661539313 0.909771895087532 0.9727750306272649 1.0189973778786 1.0539051370409298 1.1171591870283044 1.1620016291001831 1.372163594046783 1.4765360558343494
126 1512 0.0214733998332375 1.4723068004553503 0.6083635099551601 0.6083635099551601 0.6091083966497076 0.6466871096760236 0.6612354359857279 0.701045387792995 0.7081460194403135 0.7527597417586126 0.7630819879350397 0.8024503069868175 0.8187747526959025 0.8499350400451725 0.892790102401451 0.9055040959046085 0.9644217221623782 1.01030403357454 1.0522686190714368 1.1168770759108664 1.167740991178692 1.3745234089186755 1.4723068004553503
127 1524 0.021215479660219996 1.4612137944326071 0.6027937389302491 0.6027937389302491 0.6094241601139799 0.6467563835080601 0.6714448965649622 0.6962613265669173 0.7045531973504826 0.7481315337434934 0.7495163241403127 0.8000963115156468 0.8260977772867343 0.8422286181373623 0.8943720557349679 0.9045929874137926 0.9701621090778294 1.0121069695424911 1.0616494566296437 1.1112638279489964 1.1706664541692007 1.3728576919171986 1.4612137944326071
128 1536 0.021266753331446755 1.4631635093108502 0.6022899208826912 0.6022899208826912 0.6099437499017993 0.6466133359191752 0.6707596144142968 0.6948109355000811 0.7032388302974757 0.7427051670584933 0.7549299092682317 0.7984519010103706 0.8148160322522502 0.8417330084706043 0.8915112392010421 0.8991425123799397 0.966327251641011 1.0128976771798306 1.0606581694107884 1.105518928852042 1.1705693778847543 1.3666367771309007 1.4631635093108502
129 1548 0.021825530231481975 1.4713209102751776 0.5976585948036403 0.5976585948036403 0.6104460205102364 0.6436725881609539 0.6690079056581729 0.6945618214038524 0.7071453453521607 0.7397321038943724 0.7520383586227165 0.796300863905758 0.8086932863848811 0.8544460319609857 0.8897403158314202 0.9001307003695976 0.9529936173814888 1.0046008348012514 1.0578845607725618 1.0998242134559615 1.181323880697671 1.3660403661021445 1.4713209102751776
130 1560 0.021425495869945008 1.46303484730182 0.5898396849076422 0.5898396849076422 0.6058142421591094 0.64093142340114 0.6674257149285603 0.6891072008294413 0.7059211511822114 0.7370355584154938 0.7464115102070668 0.7941153607233261 0.8096217498782956 0.8666487446665381 0.8840990329737992 0.9113585815810082 0.9552296531117679 1.0116914534004695 1.0684502357848586 1.1061282136794113 1.1896374415639974 1.3552534895778452 1.46303484730182
131 1572 0.021302073300218216 1.4595178728759413 0.5836782420181039 0.5836782420181039 0.6061679045081297 0.6401390855973945 0.6676034303679063 0.6849382863990836 0.7092238270431256 0.730897907358525 0.749093821964106 0.7914866047384475 0.8071912913391432 0.8770805101156828 0.8838454472078502 0.9125402071394357 0.9518520275601342 1.0133833432639314 1.0720704336163387 1.1153316731812697 1.196964199579453 1.3577638426246676 1.4595178728759413
132 1584 0.02082832939779378 1.4588797380664213 0.5797320977921455 0.5797320977921455 0.602366735537402 0.6461012317056953 0.6656858847871496 0.685288835492655 0.7105655813112232 0.7286488960121225 0.7513888561341857 0.7919757982689344 0.8060195010597325 0.8784035488191242 0.889061934113449 0.9009012548022258 0.9504780399708816 1.0229214171813361 1.069351088769596 1.1108990969330168 1.18220822765583 1.3609477209538994 1.4588797380664213
133 1596 0.02094663722703077 1.4495212437497564 0.5754251938945771 0.5754251938945771 0.5992879493950004 0.644381955987324 0.6741805931232423 0.686101168796676 0.7070811728114579 0.7298609061711667 0.7541920434427467 0.7844156632242654 0.8072292311343711 0.8727304369021356 0.890692150148311 0.897526156340679 0.9536054772723744 1.025029596261514 1.0683904144991103 1.1181989091950053 1.1744295221579633 1.3635075493078959 1.4495212437497564
134 1608 0.02147832874205422 1.4500405322556962 0.5736513932054478 0.5736513932054478 0.6006576887857323 0.6441643685948402 0.6757499252146771 0.681675354844289 0.7090898664041461 0.7309752219329766 0.7484028522281424 0.7909116335658195 0.8072302724721354 0.865822415461954 0.8952308872852417 0.8959279908362601 0.9482971187655275 1.0303357028960447 1.0678698472284451 1.1204648479167436 1.1717687073194525 1.357501787274852 1.4500405322556962
135 1620 0.022670096960972948 1.431128688382444 0.5757247397911087 0.5757247397911087 0.5993822332390236 0.6432124181847375 0.6751030406980787 0.6871652055036274 0.7110864780242611 0.7297252472692718 0.7476725930423856 0.7945947657585917 0.8067564471164573 0.8521735601069677 0.888231434084772 0.8947502670060588 0.9370240912211147 1.0309118421554606 1.0729356451438914 1.1330713106041204 1.176863458224922 1.3776134698924292 1.431128688382444
136 1632 0.02355073826408301 1.42698292552065 0.5765316561838205 0.5765316561838205 0.5995503224427143 0.6395143167728035 0.6785475686100858 0.6907215130937273 0.713647276161135 0.7266283669226714 0.7451054547471743 0.7967944401921931 0.80606041608605 0.8430916109494119 0.8876464767679293 0.8925869146384348 0.9507623178893161 1.0321004338345123 1.0746173852325887 1.1250218096341038 1.1772799880252602 1.374111757321851 1.42698292552065
137 1644 0.024942556594340602 1.433520659761723 0.5778460757978008 0.5778460757978008 0.590242979153961 0.6396886057194346 0.680843892803626 0.6864207631009928 0.7137525588479908 0.7261990338476053 0.7447569050591155 0.7935396210860287 0.8059445224614408 0.8413461896287681 0.8826053961020862 0.9045996699015427 0.9403438010051968 1.0288790292117729 1.0795252573593197 1.1279457465587084 1.1856260521900548 1.375144240240508 1.433520659761723
138 1656 0.024934392984767195 1.431276992747337 0.5792749527053406 0.5792749527053406 0.5917405181245591 0.6365263184254001 0.6779424473914756 0.6859966406674066 0.7080001655762594 0.7160498306977742 0.7457096604776071 0.7909708998910825 0.8087900866203189 0.8396021492155175 0.881965546489227 0.9107065383069319 0.9340613746373867 1.029367289740715 1.1061703995533687 1.12435646236406 1.1950661248762628 1.4034025573168183 1.431276992747337
139 1668 0.024608193201243148 1.4356794601501233 0.5794449306555223 0.5794449306555223 0.5844156112254467 0.6296650379313152 0.6748818153026377 0.6847391011493809 0.7121042094638528 0.7142853229291516 0.7416877937176902 0.7833583789012649 0.8088789970720601 0.8327811009986987 0.8815754335252046 0.913508546659442 0.9309159444685733 1.0274720274293991 1.1148098897606566 1.1358593450393348 1.2027895180851171 1.4113424822796943 1.4356794601501233
140 1680 0.026526905415453814 1.427381710535986 0.5732429789944856 0.5732429789944856 0.5843228996934714 0.6334705215334183 0.6749528961313249 0.6785809465738412 0.7098562196595645 0.714943408079004 0.7320343302712966 0.7836709709545667 0.8118813934216303 0.8299448303620593 0.881776412317657 0.9120918235303024 0.9290850316807012 1.0167215466947557 1.1107926223220244 1.1392235708389076 1.202945813857135 1.417644174231681 1.427381710535986
141 1692 0.02711018057600415 1.468898461835037 0.5670363547381579 0.5670363547381579 0.5808565577531087 0.6368821509011827 0.6708295289555607 0.6828353484192323 0.7035255255065594 0.7126374529811088 0.7337485144686556 0.7883502420265425 0.8105440270825544 0.8263125566232847 0.8812886826390187 0.9183837455635828 0.9353491841925852 1.0102423785754362 1.1088392905949673 1.1375664086264765 1.2158107614673948 1.4303337942191474 1.468898461835037
142 1704 0.027054504066242133 1.4701093386432813 0.5681626299220796 0.5681626299220796 0.5816328775337274 0.6426711976098264 0.6703136263908087 0.6820228073376998 0.700089456251969 0.7102763713471749 0.7297883765121368 0.7874569676081791 0.8114554936390407 0.8213171466086276 0.8821890825891391 0.918388440434787 0.9365700359219558 1.0036825187238074 1.1034988002459116 1.1396976549397244 1.2192809843563484 1.4260468966861626 1.4701093386432813
143 1716 0.026466128043510298 1.4911077271469428 0.5642586924653061 0.5642586924653061 0.5715393916473546 0.6465315694940195 0.668172612339902 0.6777745428189985 0.7033392267751101 0.7041503050610393 0.7294754055400041 0.7880033079867678 0.8069258087740188 0.8255281681640094 0.880592952446915 0.9179522027565389 0.9389479386825447 1.0024139278143676 1.0947523307806608 1.1463455428133624 1.2139635818775587 1.4239755638181384 1.4911077271469428
144 1728 0.026139412486942053 1.5030004485372155 0.5663119826952058 0.5663119826952058 0.5727058587550623 0.6462538112877192 0.6557630610895314 0.6772631562888333 0.6956973048036507 0.7052364412342493 0.7323618888405601 0.7819406769474204 0.8070651173647991 0.8229604344336751 0.8894526631536869 0.9188055436542526 0.9345571759318191 0.9903602032348923 1.094410984486176 1.1509531892923324 1.2108156373633105 1.4246477143576959 1.5030004485372155
145 1740 0.02634539452781 1.4950315198368362 0.5627251086435766 0.5627251086435766 0.5725998716515147 0.6417333433579124 0.6548045113793286 0.6756285151556699 0.697460915944833 0.7056583886575389 0.7320793841247736 0.7793501925824512 0.8052932617119313 0.8159034476116546 0.900186893899673 0.9182400499051615 0.9274670910488289 0.981130387998745 1.105466005468194 1.1466388396970473 1.2010064875672533 1.4428581867697718 1.4950315198368362
146 1752 0.025983832788956645 1.5144368138677313 0.5553060146151729 0.5553060146151729 0.5684631043642914 0.6408462284445853 0.6526680610728957 0.6662528386516423 0.6990768978764519 0.6994916919305818 0.7286498948729041 0.7806374648694142 0.8076920693681126 0.8136299900756356 0.898660087403789 0.9268911261789557 0.9299183770785318 0.9756183886060846 1.098597870731193 1.1469523536708892 1.203367559326071 1.4402684692537417 1.5144368138677313
147 1764 0.026909013018791218 1.5045930780459509 0.5546092281373393 0.5546092281373393 0.5691446009228343 0.6267150620380478 0.6569883880395684 0.6679281371870688 0.6972009345461745 0.7099649529898414 0.7273984323612859 0.7755048427274936 0.8059603640577027 0.8163425979479624 0.8988957845633191 0.9230937236525713 0.9317270015125997 0.9747971063673133 1.1047824147850556 1.1484899714778152 1.2016060997950169 1.4475630634996568 1.5045930780459509
148 1776 0.02761653725813157 1.510560985056922 0.5538278774348622 0.5538278774348622 0.5775429382742457 0.6237804925055828 0.651485169929643 0.6665785827628133 0.6984013187469765 0.7118319821249512 0.721214419773077 0.7776691902953441 0.8071177332397325 0.8162864892979683 0.9013586187759932 0.921500555244259 0.9328060304104057 0.9719957636870863 1.100712814439256 1.173515184605534 1.1960142138672936 1.4380424599093558 1.510560985056922
149 1788 0.028048703934790125 1.5186426772103145 0.5512536829130241 0.5512536829130241 0.5809241056249994 0.619518371494746 0.6479774047228596 0.6630098708783487 0.6971534900425942 0.7071382396230446 0.7263968148343815 0.7744534762844892 0.8088255985744282 0.8153329248523564 0.8961501456611504 0.9226663685257106 0.9395948324174578 0.971641733610171 1.0907394455088364 1.1825870687132987 1.1952370421308975 1.4457201074459904 1.5186426772103145
150 1800 0.027535817764609317 1.5342277369171082 0.5514112144304893 0.5514112144304893 0.5812496850244016 0.618189921852669 0.6445562615598689 0.662465814655104 0.6903755669692093 0.7108816503108601 0.7315369048138503 0.7725942047795153 0.8008828543090581 0.8154945948751974 0.89043478699954 0.922090292361719 0.942710477155369 0.9661984461536306 1.0917226117365646 1.1796173377893187 1.1981668180282135 1.4444874045629463 1.5342277369171082
151 1812 0.027797779348620287 1.5396270679913713 0.551841449723476 0.551841449723476 0.5762510352496548 0.6130041208542601 0.6447719080538333 0.6582489711113697 0.6902865914852676 0.7112731591829798 0.7266713703143077 0.7646895235349841 0.795410819589016 0.823020002320961 0.8849311757810246 0.9166284512189334 0.9467793987192022 0.9724641956273444 1.0955731213341307 1.175631463862533 1.192900184860207 1.4413758309902571 1.5396270679913713
152 1824 0.02821018759931203 1.5324464740936345 0.5491319630832449 0.5491319630832449 0.5695826705652273 0.6183113871806668 0.6432022973317154 0.6598646144934369 0.6874472654304866 0.7103089279010405 0.7282149655484746 0.7633783315943653 0.7917658667275388 0.8167336068140018 0.8890134414038061 0.9132958383085263 0.9460792750549376 0.9744265058952769 1.0959848119332183 1.1808135422715282 1.2155242111428013 1.439167520382993 1.5324464740936345
153 1836 0.029082664243541095 1.539458357614783 0.5446815817750564 0.5446815817750564 0.5729450135740833 0.6177075355206967 0.6365156592704384 0.6569358598499959 0.6861206242073941 0.7130979986445775 0.7375195941740704 0.7645952564030898 0.7954761295517881 0.8098417118475563 0.885022155724685 0.8979676880267964 0.9483374745869174 0.980205646892812 1.093772737909505 1.1807118401653305 1.2213636312053746 1.4358715737773668 1.539458357614783
154 1848 0.03023584549263436 1.542871341918288 0.5419749704872167 0.5419749704872167 0.5675727459703536 0.6177068592664124 0.6323347063639749 0.6585585649193705 0.6951746545417915 0.7184876760525752 0.7310119546079284 0.7686892230512904 0.7977908214755396 0.8024046163478417 0.887079208829538 0.9002151378546077 0.944696318873092 0.9761376458083226 1.0869797623901736 1.1761922453795297 1.233925980440264 1.4415159573466225 1.542871341918288
155 1860 0.030797931124922365 1.527457498202451 0.5403802820013215 0.5403802820013215 0.5720389700013572 0.6054340227988622 0.6289544521052619 0.6551295915925712 0.6979779016082852 0.7189966547857884 0.7213553247176656 0.7685032270747825 0.8000480281510982 0.816916702916412 0.8843720485450434 0.9045096642377407 0.9467586106477686 0.9852927351797267 1.0868650021898774 1.1757895017822715 1.2549899629367314 1.4393587816620006 1.527457498202451
156 1872 0.030878376060948298 1.5275514570203308 0.5389805892492332 0.5389805892492332 0.5749613517738745 0.6035446362426367 0.6279934843015634 0.6522325387294695 0.700514917394395 0.7079282437098423 0.7175995473298369 0.7617450191169368 0.79934585333055 0.8147355820220122 0.8798053078402688 0.9126803727686462 0.9473159044175448 0.9821551670192579 1.0913264213096867 1.1771315515398368 1.26063543369805 1.4345044541476066 1.5275514570203308
157 1884 0.02941258198305088 1.5268709237861768 0.5347808936542862 0.5347808936542862 0.5771264165392666 0.6021266931481425 0.6315411314002474 0.6432694386141284 0.6991909338574382 0.7040976871331898 0.7237548987576582 0.7549984298933566 0.7949973102011906 0.8118796123195409 0.8659537569317338 0.9147255640779358 0.9463550909037112 0.9813362551919178 1.0862302827711598 1.176076711705461 1.2815295571980212 1.430059717364087 1.5268709237861768
158 1896 0.02862213190000585 1.5274785741862855 0.5337656401349234 0.5337656401349234 0.574960504840637 0.6030885077255406 0.6270338721398836 0.6370254408996644 0.6979958751058748 0.705516671023478 0.7243775188925362 0.7551486509485742 0.7961070450271865 0.8048359798947122 0.8604499633711378 0.9125904406419183 0.9438603380397554 0.9853043776872319 1.0883398839324634 1.1604810261534835 1.2945242077000598 1.4242403604086675 1.5274785741862855
159 1908 0.028205864049947484 1.5303878515124993 0.5352483776977174 0.5352483776977174 0.5727276965182768 0.5978333337345035 0.6241936890786481 0.6363169970431657 0.6922713275725517 0.7147791583753567 0.719546215416037 0.7525973607735413 0.7895937478774214 0.8008952042998201 0.8617919357420544 0.9085889978492431 0.9572053048830558 0.9826735501959172 1.0857088582807308 1.1591112569632356 1.2871333341866753 1.4252016510251961 1.5303878515124993
160 1920 0.027421747122901366 1.5200632417275801 0.5315852556886399 0.5315852556886399 0.5714766460347019 0.5977173391026456 0.6189812615189711 0.6443118015151548 0.6913222982277377 0.7164165567445513 0.72430425462425 0.7520455157182202 0.7807543086053461 0.801476785701697 0.8670560087525572 0.9017332847405235 0.9635261726826314 0.9880526638344915 1.0876038675954613 1.1547309029586756 1.278996288818236 1.422917203640447 1.5200632417275801
161 1932 0.02726203489242153 1.5197866009155905 0.5291852276629652 0.5291852276629652 0.5692407996519205 0.5956754842572184 0.6089303775548781 0.642984695703929 0.688236981329157 0.7114161011401917 0.7220560614999537 0.7461690565942068 0.7829684698838514 0.8045441362966452 0.8675135698271864 0.9027180358645347 0.9633259270195512 0.990559266704483 1.0885223827533332 1.1730899554638718 1.2783649039057106 1.4388514735884634 1.5197866009155905
162 1944 0.026920814274947743 1.5270976709528754 0.52963187887139 0.52963187887139 0.5682152412438854 0.5874805454698462 0.6018030123606797 0.6440585082266889 0.6903852204364567 0.7088827658748134 0.7269974245795435 0.7457873055743519 0.7813569446321412 0.802795498597759 0.8655820094620067 0.8984521443067349 0.961701614155957 1.0057283526238838 1.0802889654087944 1.1819881806901558 1.2859460140052539 1.4414938602026894 1.5270976709528754
163 1956 0.0269772624764535 1.529818732286486 0.5252912778749065 0.5252912778749065 0.5712872245401774 0.5873848753232117 0.6010800222387715 0.638528055695733 0.6913770926976757 0.7092654544351606 0.727703196764747 0.7445759932343273 0.7804006930821633 0.8055469685164736 0.8570370902367641 0.8944022428896613 0.9524119389194929 1.015309572653078 1.0734729643208267 1.1811155453419018 1.2920894044882791 1.4464584233223872 1.529818732286486
164 1968 0.026508918128588778 1.5206816808285357 0.5217811772470521 0.5217811772470521 0.5701856232851675 0.5852543325464725 0.6035958582695784 0.6339635638558584 0.6873348194172589 0.7063852454123757 0.7269547335978144 0.7448926176298165 0.7819515892071082 0.8047366993011591 0.8659213017464741 0.894646588637824 0.9449479381538176 1.0119141852115818 1.0677037316417226 1.175961962671756 1.3039955719401732 1.4556654742873791 1.5206816808285357
165 1980 0.026797475111621467 1.5177288091612162 0.5111014881510737 0.5111014881510737 0.5724289338003723 0.5828160850313359 0.6027642752775314 0.6369667775066185 0.6880941705478248 0.7073213660960369 0.727023173374656 0.7463979599401779 0.7820488818421624 0.8049713979527712 0.8609659992158986 0.9009253228131325 0.9404160156799479 1.0051146956024197 1.0621723590253533 1.175108418511551 1.3105598806163719 1.464659401218141 1.5177288091612162
166 1992 0.027136139529262093 1.5262272768983818 0.5105609649864071 0.5105609649864071 0.5683919472808854 0.5836466602356157 0.6032414882590337 0.6420789999202087 0.6826043115733156 0.7085757980395797 0.7277653325326725 0.7465037749740884 0.7736296335357435 0.8006331504947034 0.8585802540515117 0.9032704897941628 0.9486090405009907 1.0078876893156303 1.0619503363686211 1.1687386296085323 1.3081710583195174 1.4408721646727267 1.5262272768983818
167 2004 0.02684446786333036 1.5406968933039704 0.5090113794463225 0.5090113794463225 0.5708119926576853 0.5776517940446282 0.6028674918599236 0.6369347713619089 0.6855286035964402 0.6983333123034444 0.7358331844297471 0.7496896666431208 0.7710790014673087 0.7960620659350923 0.8544286467066027 0.9007727843167084 0.9490615381830535 1.0117746151940339 1.0675330326895478 1.171749095784031 1.3093277410636697 1.4427719636808594 1.5406968933039704
168 2016 0.027358883798853876 1.5445038535874698 0.5082174713295183 0.5082174713295183 0.5656294023256041 0.5788394907234158 0.6003100538307902 0.6320049798289363 0.6818048254796409 0.6942414657531983 0.7398406198511227 0.7507540718117922 0.7744008601848799 0.7957350176135933 0.8558637566666313 0.9001563062235466 0.9513893965264113 1.004782156825284 1.0643344978513583 1.1661305572490241 1.3085429930601857 1.442150942375572 1.5445038535874698
169 2028 0.028099114784421522 1.560460621654976 0.5107412566371253 0.5107412566371253 0.5676602848525862 0.5766922530763752 0.6003165469646098 0.6272314241595399 0.6701006163373386 0.7010475696873544 0.7399035198130611 0.7515373418945067 0.7756994680492463 0.7955317526342446 0.8552337776251508 0.8996761140604134 0.9626275582696527 1.0051416644428297 1.057707266999736 1.1668900810037577 1.3161179471933213 1.447119405266613 1.560460621654976
170 2040 0.0275326574664924 1.5709181222758222 0.5061889853309709 0.5061889853309709 0.5603373012797013 0.5750185781951347 0.6028553415708581 0.627592844305911 0.6622564942419216 0.6978674128672637 0.7416626316102064 0.7548817135444844 0.7808085789481525 0.792565318779533 0.8543749112268565 0.891380277127654 0.9703138959478825 1.0182003269187372 1.0603772439144281 1.1691663005585662 1.3280218935114618 1.4488672475590025 1.5709181222758222
171 2052 0.02838378568363428 1.569287526633176 0.5049774425662313 0.5049774425662313 0.5529332679414004 0.5708161486487758 0.6009217337714813 0.6305727735488693 0.6584545439307248 0.6960305271783265 0.7443577195254315 0.753400364091276 0.7741834698107313 0.7902533028657124 0.8632365631476877 0.8920523385624688 0.9739435770296548 1.025704230081312 1.0571335822543924 1.16556949853836 1.3138355426058614 1.4719623398381316 1.569287526633176
172 2064 0.02822007775210654 1.566880685081186 0.4967532356245078 0.4967532356245078 0.554861440290643 0.573371490225674 0.5980401972437019 0.6309211393274021 0.6654284932101527 0.6972145462671419 0.7487318252267956 0.7538709437603064 0.7743199675688474 0.7864174989218521 0.8583615305269882 0.8845779114973892 0.9817390006560676 1.0245923127757215 1.0647727187547424 1.1713389014349185 1.3167586079784062 1.4791467599476202 1.566880685081186
173 2076 0.02856253211226318 1.558753734649141 0.4951037258851282 0.4951037258851282 0.5514491469357425 0.5670419933138914 0.5969055103795442 0.6342726023273101 0.6634151986998599 0.6946808482893165 0.7475444961755343 0.7498091026278105 0.7798878174361908 0.7927964147598549 0.8614156132316595 0.8815991733458263 0.9828632033701461 1.0176776287879792 1.0587173430629853 1.169234803378232 1.306033290548881 1.4746205382035744 1.558753734649141
174 2088 0.028052337334157684 1.563018574548953 0.4913379160151502 0.4913379160151502 0.5485749345180463 0.5661598082840911 0.5973237122218208 0.6362308541955947 0.6588144774393975 0.6948396531019516 0.7439899638856011 0.7519853662588589 0.7778343115193456 0.8098576650166326 0.8617779955240878 0.8767302686961908 0.984790112804712 1.0063497258642808 1.0617048013878998 1.1747645468489747 1.3093750156525934 1.448851259023904 1.563018574548953
175 2100 0.027034167635649226 1.5681499962091934 0.48880862547284215 0.48880862547284215 0.5429590539132997 0.5657323735424789 0.5981534747770492 0.6353456252298394 0.658190350947133 0.6935994453632516 0.7405405811789098 0.7530972524858818 0.7745869292359397 0.8161053209163388 0.8662993511597583 0.8797062734429328 0.9843829927444857 0.9949115302487126 1.0650284537078238 1.1734074317361451 1.3043532650115885 1.4480771351235804 1.5681499962091934
