% # columns="iteration, evaluation, sigma, void, void,  stds==sigma*sqrt(diag(C))", seed=967197, Tue Jul 23 09:46:04 2019, <python>{}</python>
1 12 0.09293568068582045 0 0 0.09281872193825028 0.09313514428624411 0.09372139359720873 0.09246193891126887 0.0929622586882974 0.09322248988097942 0.09319678681547185 0.09299320310861527 0.09242367832226177 0.09282279223775973 0.09271134932547884 0.0925374741587131 0.09301034081283667 0.09176010410302661 0.09152991761830463 0.09221428270099347 0.09245159274398254 0.09271653879552826 0.09301766400284871 0.09308268090441513
2 24 0.08918821617707705 0 0 0.08883961318707403 0.08897131711031073 0.0901741951730728 0.08866797225146404 0.08884431733027537 0.08910785734148258 0.0893468528461665 0.0889249018923544 0.08689863266080115 0.089193101403892 0.08939388471897138 0.08881609739475418 0.08922154586872376 0.08737714834776436 0.08785082385161085 0.088608244351933 0.08852118289589167 0.08884104888535875 0.08882396128044397 0.08966341325432868
3 36 0.08407151493570968 0 0 0.08383222082617998 0.08354341819391299 0.08503704226964168 0.0832227250033971 0.08337181581225646 0.08372973295686624 0.08376121294397412 0.0842045573239524 0.08198578310027939 0.084198073566574 0.08377390196913637 0.08356223855018709 0.08338638571159059 0.08215080150936296 0.08266212517004252 0.08363029401848192 0.0836834728714811 0.083657256440655 0.08341252023411365 0.08380331300932524
4 48 0.08060589366414148 0 0 0.08056508634704489 0.08001662707171563 0.08173473159969549 0.0793269660065453 0.07992522767723154 0.07991608996157525 0.07982695398154217 0.08070132538284827 0.07800647607686347 0.08051677837865481 0.07945120387634802 0.0806237458559945 0.08002096609759081 0.078714992284745 0.0789750627320006 0.07953594444883581 0.08035849034995009 0.08024566416044675 0.07963167967230513 0.08056337323744125
5 60 0.07604398163588104 0 0 0.07607085013157013 0.07523235281432472 0.07709377830417484 0.07397297660125868 0.07578999971434265 0.07530352874442751 0.07430049038004781 0.07619313042648174 0.07292570429175993 0.07551430976347878 0.07455830425015994 0.075852474428384 0.07563656148246871 0.07435328032752173 0.07379429767429346 0.07516768701702016 0.07547555322285684 0.075846446532678 0.07504450229946875 0.07594181739202682
6 72 0.07255247905908838 0 0 0.07309632964824125 0.07210981839766255 0.07327391910767116 0.07079581365359001 0.07184375064989186 0.07194053764624797 0.07067879437049178 0.07308051384751776 0.0693844889049149 0.07178535586182759 0.07089895367340464 0.07281170893332595 0.07215099281804215 0.07072757416208042 0.07025475260690457 0.0713525410983676 0.07212483583088934 0.07218430275017487 0.07026404171656592 0.07224795955297865
7 84 0.06933384632327548 0 0 0.06955642524041494 0.06888774919643295 0.06961197869145126 0.06747567989312273 0.06945210424287473 0.06960725871710352 0.06734916248956922 0.06956078266511405 0.06601422600217458 0.06839966430882315 0.06759623463774825 0.06921255506581833 0.06875921227707658 0.06717544360696763 0.06776656518016125 0.06778250823800064 0.06886772139449422 0.06855580270282527 0.06734632510921122 0.06901164634079178
8 96 0.0684473585841941 0 0 0.06879655662712209 0.06808540642729932 0.06884886724866772 0.06593236579635811 0.06851737098174861 0.06866926951698149 0.06618517578374636 0.06935490900777155 0.06419057500087598 0.06737046910645178 0.0665392800866448 0.06928824705202506 0.06798782597386989 0.06646320510310899 0.0673224779250827 0.06619446407144249 0.06819744967403286 0.06707625148112721 0.06658883321875757 0.0677397014216523
9 108 0.06806026369651237 0 0 0.06771067997655798 0.06746090513577825 0.0678382637060173 0.06591620106128307 0.06822406737122592 0.06836063390235787 0.06606423033305321 0.06895631652680159 0.06387247167323193 0.06718611506620414 0.06620012800566726 0.0688872911024272 0.06746686175800562 0.06622887333631691 0.06665778471644812 0.0656836000177995 0.0677617247470256 0.0665751929055101 0.06628645555318681 0.06789353922858166
10 120 0.06824571405756531 0 0 0.06779695194646593 0.06786680495722636 0.06748689777820756 0.0659084531570235 0.06868133122090814 0.06896094315677695 0.06641949823677162 0.06943362636090383 0.06388768114343758 0.06617580693244349 0.066962188665542 0.06901605341903527 0.06776534950246385 0.06660910775764724 0.0678397514673664 0.06567607363544589 0.06789037137595441 0.06653591192829864 0.06639293569086234 0.0681943412114691
11 132 0.06813235094751932 0 0 0.06765017143077298 0.0688854627459557 0.06732805914970547 0.06533703370665944 0.06845165405319067 0.06923288352756633 0.06591396567722325 0.06907201666033048 0.06387727502254816 0.06594837721873217 0.06670259901224036 0.06849696426708517 0.06736909280687733 0.06684919896302781 0.06779390902610155 0.0649999955438277 0.06753788418706146 0.06623457773861491 0.06628979652002971 0.06809030884769197
12 144 0.0665325204300742 0 0 0.06645484721539227 0.06781613873767053 0.06571097479002173 0.0639978513995871 0.0673918719091995 0.06812146306820303 0.06385810444561696 0.06728414582867583 0.06211951943914212 0.06381611203464492 0.0652352912481621 0.06629162881059826 0.06530309017289178 0.06485513684999343 0.06600595051908698 0.06308797460726726 0.06626528250294453 0.06473389316721521 0.06404316068111342 0.06677030370673748
13 156 0.064605792187928 0 0 0.06411866065036803 0.0657682539302755 0.06321510253895374 0.061451962848511156 0.0652833902261553 0.06607338655294558 0.061911683741681524 0.06545871342043581 0.06050666706287085 0.062019208311108104 0.06339532919230974 0.06443668187696003 0.0631800784665392 0.06306794985983265 0.06401873061272247 0.06139837685405884 0.06471457040793542 0.062321000813609466 0.06202243788764474 0.0652257340507386
14 168 0.06170893177461985 0 0 0.06160763759940115 0.0627168503137773 0.0602713584309975 0.05868207875468971 0.06179597124233594 0.06319524330309206 0.05897661997841731 0.06258287049758436 0.05787966843973943 0.058721277167071186 0.06031153845838265 0.061609074931421086 0.060321418103058105 0.059461481232340435 0.06076241248768045 0.058727229990074285 0.06207357456762014 0.05913993461699011 0.05910400546280428 0.06223515092440379
15 180 0.06130133126809408 0 0 0.06131910978193918 0.062224178446945354 0.05852759689017284 0.059180595996693494 0.061512199328344834 0.06261418842189047 0.05855466132226576 0.0619697799574496 0.05700760020464944 0.05827489207996842 0.05987940412960681 0.0606224877809133 0.06005634496907279 0.060152978292021396 0.06054296531127384 0.057916334591571084 0.06218009643177111 0.058611425111290624 0.05857110609623172 0.06232240976400052
16 192 0.05921274544233223 0 0 0.059391918131220044 0.060053647361123445 0.05630825551656217 0.057255179323929845 0.05899324038412966 0.0605094203907032 0.057011857001202676 0.05976329338814068 0.05501973451897304 0.05585809158830698 0.05717242262878949 0.05925796164361913 0.058287928926610416 0.05826614812770895 0.05833833699910429 0.05569657077074335 0.06024748655553378 0.056578060917151056 0.0565562730634034 0.05941163453386168
17 204 0.057538608053954436 0 0 0.057508636420398274 0.0584111459140015 0.054466396638845394 0.05553881942315029 0.05710410330840316 0.05880073131926878 0.05528145822425056 0.05822757004422838 0.05352045942624796 0.05402176199172552 0.05584578580044389 0.05718320941533756 0.0565860913008537 0.05650881322725691 0.056068031281670934 0.053941326347287995 0.059371883916109786 0.055000879182927995 0.05480278291911241 0.05758074224124113
18 216 0.05732856951736265 0 0 0.057214372212229817 0.05769631321154369 0.05400389377811136 0.05533296460008643 0.056597640955064296 0.058864105439442704 0.05500001094444041 0.058106707696471284 0.0536153312233835 0.05377136096112941 0.05583677083989222 0.05670451743551903 0.056733254036271046 0.05662054144658703 0.055790923827517484 0.052910240368102365 0.05954862455742052 0.05481257115801507 0.0548730388947372 0.05758373749535976
19 228 0.055108664302997025 0 0 0.054717825776687753 0.055472062545720575 0.051747562947262675 0.05299772209178111 0.054211252179820056 0.056535608816240715 0.05261471812635565 0.05540650784597409 0.05159838575003511 0.05127461784413328 0.05362375443656349 0.05430981313323215 0.054371549642153405 0.054500686225727325 0.05385963325545018 0.05140091340061861 0.0576364047008999 0.052828370805527027 0.052574463784307725 0.05512436272806818
20 240 0.05217472355058786 0 0 0.051935367922487284 0.052467869446353066 0.04907666514980915 0.05004711275028689 0.05138615777278816 0.05364782759487141 0.049598598199886657 0.05175172531772369 0.04872988416978709 0.04838637468876054 0.050651991760482844 0.051531998580183064 0.05164868422878019 0.050981914780468894 0.050972386983767964 0.04863457526932887 0.054236056707485665 0.050074996392159725 0.04966004186769119 0.05164330849013589
21 252 0.04955394253390571 0 0 0.04924328516045627 0.04972561279416752 0.04592464634492982 0.047818319483263184 0.0492282712109122 0.05030956865770818 0.046865687239805394 0.04908391530197521 0.046030294285830976 0.04597369596596435 0.04782574839923659 0.049440654354569055 0.04930908601352333 0.04896996142695389 0.04824800353004582 0.046280073453276914 0.05153677731619777 0.04802234435924859 0.04712866233661873 0.04867631357923002
22 264 0.04728451719007527 0 0 0.04673192709348205 0.04733454349732021 0.044014539726897846 0.045669313977992794 0.04689702405770571 0.0477359738974552 0.04474690602185382 0.0473465158752216 0.043629093557259004 0.043621151181248326 0.045673650537485795 0.04679060569733951 0.04684606512709213 0.046648066855519935 0.045727596520232824 0.043660388338613285 0.049364964096321816 0.045837427359199844 0.04496797794826627 0.046375259082160086
23 276 0.04611539118525663 0 0 0.04566080716414987 0.04555744414905951 0.04303461864100092 0.04427891968989276 0.04571353360414359 0.04642255345856896 0.04368868655131338 0.046248568155829874 0.042498432041834705 0.042319677984958594 0.04469620711397067 0.0462263047869903 0.0458379129291432 0.04564429333762886 0.04430957364293503 0.042556635835659135 0.047915416760186534 0.044726785269677785 0.04389483479261879 0.04539980429246837
24 288 0.04645308667531698 0 0 0.04582241048495861 0.046262357513210804 0.043412028083418035 0.044057915218239846 0.04646959441118179 0.046481810163355584 0.04371100606922742 0.046977165294351315 0.042928464249337495 0.04245686985315918 0.04502895071873799 0.047216410314594365 0.04605739403824932 0.046320140387333585 0.04462461687488671 0.04259093823813091 0.048757635589171684 0.04515604920555844 0.044079764664320856 0.04572400462261963
25 300 0.04729243970293049 0 0 0.04675023355292829 0.046866039911889694 0.04433669005396136 0.0447153440830188 0.047461207603058456 0.047240898038426585 0.04453475466089004 0.04787727591894996 0.04330936898566299 0.043228156993889266 0.046017674370756406 0.04785456203877881 0.047000705719270834 0.04752185627766624 0.04526406941235155 0.044239234233715674 0.049254753728350205 0.04529323070867295 0.04478463933150068 0.04658129575283335
26 312 0.04737529082971897 0 0 0.04668520557415558 0.04739098342540397 0.04443113225865519 0.04481821411905654 0.04793396696740793 0.0469270306554492 0.044604724098072146 0.047790715729859795 0.04343227023237622 0.043395564221197475 0.04603266861767299 0.047702884056365406 0.04660406673761544 0.04773917429391646 0.045436032294071796 0.044340089845451326 0.04943683142188047 0.045141875094816555 0.04464224485998561 0.04687402768819732
27 324 0.04641905685065872 0 0 0.04562823390431682 0.046765189000042444 0.043334543271786805 0.04390777859572502 0.04731464736719686 0.045764043892074155 0.04366602704181312 0.04710437710667065 0.04249137769285407 0.04214857073085291 0.04529900139007049 0.04659624553644995 0.0453853578657374 0.04671222971443056 0.04460579193290471 0.04314887788097359 0.04771197510866707 0.04416294611376017 0.043647986857803196 0.04574773016757691
28 336 0.046319267145034294 0 0 0.04530874404787623 0.04695607474198449 0.04347182649974955 0.043545899149729304 0.047287740077484486 0.045415464550762764 0.04348093135961982 0.04734643490120408 0.041937725127616406 0.04187818745673151 0.044771535204302396 0.04648656913295161 0.045335921770474706 0.046735561420738904 0.04479434334361037 0.04339162326327737 0.04754697627805237 0.04363658138061169 0.043306139894728396 0.045495212009319635
29 348 0.04620568516505046 0 0 0.04533255934971217 0.0469813204875239 0.04329855763014359 0.04305934034674597 0.0473965873416171 0.045307016989349025 0.04347164819935338 0.047068327667036496 0.04196519490580975 0.041948037850352525 0.044532332840069355 0.047119352414059894 0.04521143066046526 0.0463592619078638 0.0449117122766569 0.04303927977678791 0.04729984689296119 0.04307225019231238 0.04340287851293089 0.04523825985475446
30 360 0.045879451643686446 0 0 0.04510322265852069 0.0466282801072582 0.04279254064155976 0.04240954758228565 0.0468954226991136 0.04504839119878841 0.04307930563960832 0.046929571434961126 0.04188314091328069 0.041657844919225834 0.044342080770331437 0.04751223536060863 0.045038025383739834 0.04612296684323135 0.04423707603666534 0.04270515097041436 0.047039764349917274 0.04259700577663106 0.04294482994373217 0.04488105214786958
31 372 0.04473388739479149 0 0 0.04414224023681736 0.04530864555419284 0.04178161009053847 0.041154877991875345 0.04623586973786903 0.0434962507640104 0.04205295957800871 0.04552934252929942 0.040988728720769155 0.0405085674442372 0.04329904810283272 0.04620546311448098 0.04400655877993553 0.04496353974626679 0.04347804046742374 0.041470440808257875 0.04501042490790276 0.04142996276226704 0.04201741483800305 0.04370671879464003
32 384 0.04412240243397379 0 0 0.04371345379492577 0.04458326761547801 0.04124717249646743 0.040735687810996804 0.0456061375273117 0.04274409231734099 0.04146627219492069 0.04516229361479326 0.04044379690226814 0.04028569332398296 0.042547523860984926 0.04498779896480179 0.043664693941820536 0.04445558334851057 0.04250051791917382 0.040639046093715214 0.04451671679633168 0.0404630298074207 0.041431821596362786 0.043012652610097055
33 396 0.042775980873915376 0 0 0.042708908610678595 0.043164028876268384 0.04022682183643711 0.03942142976445283 0.04375218283272167 0.0415529137448178 0.040005549930852084 0.04380786268231206 0.03926900001513608 0.03898924150216225 0.041132800291428524 0.043533722288537434 0.04232516679905288 0.043385188189463485 0.04066645215938842 0.039192405787225715 0.042980937483430494 0.03896808790025965 0.04009174110732349 0.04178975816245286
34 408 0.04227944376430324 0 0 0.042632376567969595 0.042621241093641855 0.04005413560962312 0.03934437900563902 0.04318434343585776 0.04103968445767714 0.03924338610844291 0.043040088272547225 0.03888805352022107 0.038534522170718725 0.04070120042380368 0.04320918468191206 0.04187711498537849 0.04264030051816815 0.039748749022192054 0.03864569187132841 0.042354662935836694 0.03814828793009187 0.039555225746938406 0.04113850298035854
35 420 0.04050735854179317 0 0 0.04036977992168515 0.040821470628103915 0.03853277902412092 0.03808081204851944 0.041379738184064804 0.039791022026090674 0.03706379379226032 0.04096353142453391 0.03694753279244704 0.037001535423588736 0.039022186593277434 0.04134658776544015 0.03988800773781509 0.0408503057343276 0.03819277965492296 0.03736338879173809 0.04053183200315875 0.036327153141797276 0.038061264796448585 0.03944073444832736
36 432 0.03853564434828851 0 0 0.03805346309800996 0.03876272534079971 0.036598962268460454 0.03632786201465173 0.03928263502019289 0.03794013257784777 0.03525049468320537 0.03886405585835246 0.035765492316153495 0.034972647705842866 0.036739346396492525 0.039311323432614384 0.037788757193332766 0.03886688657588812 0.03631901271127658 0.03507312925748325 0.03842729454863466 0.03459892807235751 0.036106486203545875 0.0374248950749968
37 444 0.037778484373203025 0 0 0.03725609409452685 0.038188941959551324 0.035783046639334425 0.03550428983993939 0.03834396086876868 0.03717427870223478 0.03406583974875364 0.03822701734106739 0.03521532228117708 0.03441528390621068 0.036269106863765055 0.03850867058553655 0.03682817225301486 0.03803771351256737 0.035458154543603 0.03412082358411564 0.03793119974414743 0.033953666543624396 0.0353379989736541 0.036676165244399386
38 456 0.036326476065059794 0 0 0.03528687052980352 0.03670392831679433 0.0343728409420798 0.03399987538296631 0.036722758994227375 0.03569109132724913 0.03266960211590402 0.036957325891888375 0.03358560192525691 0.03334156755557442 0.034876826245100086 0.037033154891822025 0.0353196236445632 0.03656101258240521 0.03379446219298206 0.032756228981471236 0.036638359372077246 0.03278382598977559 0.03376941203033981 0.03507214786242873
39 468 0.03565039360296398 0 0 0.03448122394898473 0.036014161849710805 0.033556490623758255 0.033226597481316185 0.03629163422424365 0.035040291955545165 0.03207315417389263 0.03620368096986587 0.03306039063043214 0.03281976621522323 0.034410066050351205 0.03622388018023303 0.03443251377904099 0.03593095841565667 0.032875960142400025 0.031911424094111344 0.03619428266703606 0.03203627126034248 0.033031261726896105 0.034369514447788525
40 480 0.0350904090495735 0 0 0.03396578122059748 0.035434708041288884 0.033246387895044895 0.03262202033491509 0.03586073082155182 0.03451748653586462 0.03153413744771797 0.03557890916489026 0.03281441518457772 0.03220175517738879 0.03402199022866653 0.035473029026126306 0.03402789505285277 0.035095986538543365 0.03231757736411261 0.03150273258670515 0.03533542517799306 0.03150267811813339 0.03267717991776678 0.03373069795712398
41 492 0.03504817110474604 0 0 0.03388027053202143 0.03513113580284198 0.03313437900233779 0.03249157080907649 0.035942984531039494 0.034392989173591834 0.031718980207604795 0.03528527995981557 0.03268758428465915 0.03232739912695163 0.03351032606503503 0.035273686502839824 0.03394482444761146 0.034944224003234436 0.03231422933555374 0.03140454617193507 0.03573242104512978 0.03146593600343665 0.03259282366418495 0.033781302908970745
42 504 0.03349622048565475 0 0 0.0323610808592598 0.033505725733339306 0.031649443051511635 0.031179998978266288 0.034453236067328585 0.032914427427325484 0.030063743810073422 0.03368678187137756 0.03131659805737046 0.03082135983854229 0.03195109022139682 0.033726750676780395 0.03234634352649873 0.03327449027353116 0.030849290552958177 0.029866794124165093 0.033983133322647456 0.02995456036626958 0.031096455837442537 0.03229098573663948
43 516 0.032987630392149546 0 0 0.031934214518929624 0.0331027182976086 0.030990411647059443 0.030839504607376892 0.033861614215402173 0.032411981013323404 0.029458221430359526 0.03299584543740086 0.03075430258756344 0.03099290218421159 0.03164440643165347 0.0331338556157374 0.0318507663951087 0.032635850123560545 0.030445617497372193 0.029325882579153802 0.033462429051798095 0.029049116909136443 0.030635791090072837 0.031889057061472936
44 528 0.03306707194931176 0 0 0.03246511597807295 0.033115563282030254 0.031139072803809554 0.030760592155815145 0.034384868265142574 0.03249299116995205 0.029258984616193733 0.03279796765101517 0.03081913577852252 0.031114127174331374 0.031725321200859524 0.033065415837087164 0.03154539270167296 0.03260018417775008 0.03029858151109721 0.029423415138850193 0.0332615203142837 0.029129301486154523 0.03062069142863176 0.03208483543668933
45 540 0.03201414541366173 0 0 0.031359121618004554 0.031973286635320494 0.030262728921735135 0.029837944915870645 0.03343325740770937 0.031520482201709124 0.028363015487415145 0.03132583443669223 0.030003168945031834 0.02997084208005388 0.030680069237648218 0.032088940824908256 0.030237171122928237 0.03155489721838289 0.029122219216653016 0.028436823250451746 0.032151816636942485 0.028289806776590966 0.02961130397370548 0.03102239901667792
46 552 0.031133057019361036 0 0 0.029947971902052516 0.031182049754404494 0.029362813763583444 0.028898465958285206 0.032697131538901844 0.030567742244662927 0.027728618651033776 0.03008898129539669 0.028912302649064817 0.02921481208978936 0.02985345481769279 0.031208879821862157 0.02934682701417088 0.030590486472870545 0.028328959078475394 0.027538019220798873 0.031357831082146126 0.027396158384605948 0.029156050407376774 0.030385617232146528
47 564 0.03177899416280981 0 0 0.03047619448755232 0.031583814007847384 0.030350493591736076 0.02935296397756884 0.03316704384482784 0.03167713561361263 0.02866660305223741 0.030606169350882333 0.02948883526051587 0.029933500629305547 0.030258475390704385 0.031815796089380115 0.030066658498259874 0.03102341993721458 0.029030675708108782 0.028059318443036666 0.03199507099664663 0.027861466537338557 0.029842416621734764 0.031119645160827984
48 576 0.03152646216887222 0 0 0.030216114410289527 0.03150335874835889 0.03035692880736089 0.028919435672963182 0.03310412902995135 0.03146116003875509 0.028563759567688286 0.030616385022438075 0.02923055271619245 0.029518613567232697 0.030047899424305448 0.031593634245216176 0.03018838000965749 0.030999043743547776 0.0285324253541097 0.027720560757742766 0.03169146434783722 0.027494255743233314 0.029768664018490553 0.03079683618887958
49 588 0.03239839068553807 0 0 0.03088926841782126 0.03232704481536377 0.03146641436726914 0.029743180185496203 0.034069510683742456 0.03252466152372124 0.029783549643334805 0.031386143701038906 0.03002797303878695 0.030268912340327823 0.030704557745105252 0.03232196997348765 0.030535664419603727 0.031674793893980556 0.029037483676822438 0.028488642332853833 0.03291485314777779 0.02835610637184564 0.030599220853138695 0.031419346327147844
50 600 0.033250447846416085 0 0 0.03188734884816743 0.03324457462618381 0.03251902879353772 0.030196414220173627 0.03472724263791803 0.033470505214724285 0.03067495924020672 0.03239947645188907 0.030690068651081707 0.030859804918304617 0.03139518995830414 0.03314730344543184 0.031858120388432845 0.03235255789048011 0.03000892218703759 0.029154029961468316 0.033642594497798134 0.02924646472269008 0.03120430892939074 0.03234759485186212
51 612 0.035433889546118306 0 0 0.033934962827793576 0.03542374155974563 0.03554994276126036 0.031983899449953314 0.036721597823342965 0.03540917340415426 0.03297724864124608 0.03479147735927591 0.032618743119912426 0.03265526778067566 0.033736811566429076 0.03497974997582542 0.03421033119924605 0.03427327807330169 0.03220152544352824 0.03107763808132456 0.0361188414980955 0.031427744917974024 0.03350074320338634 0.03426632244052905
52 624 0.03660412281953599 0 0 0.034990249336691474 0.03666369994882396 0.036692660547464534 0.03319020141029729 0.03802954092008141 0.03594962784259529 0.03408102821740499 0.036413867136440084 0.03362250528728931 0.03372862411031151 0.03444381121888707 0.036060982742047096 0.03568191576645448 0.03543476759518507 0.03354530302975561 0.03225430970331871 0.03724234309527051 0.03247340823274734 0.034565771894289686 0.03530619194013995
53 636 0.038094321428990524 0 0 0.03624083476545875 0.03819950240917151 0.037962969810252024 0.03445760434327791 0.03962747264539802 0.03723448993137371 0.035342498879183344 0.0380497993032817 0.03503579663774883 0.035161339666980464 0.03601667949953377 0.03743473068977515 0.03776897950783774 0.03686616039814199 0.035096552132094644 0.033712061452002416 0.03875986369736126 0.03344226306917113 0.035581442480137754 0.03677682118489738
54 648 0.03860886135041671 0 0 0.036306942858197355 0.038966861695529834 0.038793955732937285 0.03499980493805114 0.040168145274426165 0.03793043556611669 0.035493942800344 0.03804856781112016 0.03528193398972713 0.0353951317564552 0.03695325562999262 0.037932831634454205 0.038471213576905645 0.037319250192262066 0.035726549538976166 0.034528438119017055 0.039423230673293425 0.033916321281627464 0.035554956544039264 0.0373244057353954
55 660 0.03822714770265235 0 0 0.0358145297301963 0.038859598779978057 0.038234451014939705 0.0344035614815264 0.03977795689305458 0.03737224461531451 0.035160894274278064 0.037815871156790214 0.034952580886406084 0.035152709949790605 0.03668940136687294 0.03726416135337443 0.03812582134261986 0.03688473770782646 0.03523358353892606 0.034094560052099064 0.03897101379688448 0.03358362860519895 0.03520612693256498 0.036613037420900704
56 672 0.036772746204171515 0 0 0.03460066735526631 0.03749216357941154 0.03642063725104009 0.03282455406380809 0.038080004620025795 0.03594172763462866 0.03353929368596487 0.03629682582217283 0.033691448477203415 0.033088898068607465 0.0350979351090623 0.03597940654911078 0.03643690291515459 0.035476551087795044 0.03380776642716621 0.03293646015397877 0.03722560785817811 0.03234859023191536 0.03394459802575776 0.035507303066375666
57 684 0.034455119826711456 0 0 0.03243878013160067 0.0350871468238055 0.03381721231151943 0.030915485591860296 0.03554274363455592 0.033580542183679174 0.0313606971877302 0.03390503616356489 0.03152066028400724 0.030528542598824492 0.032650986205105856 0.03364162022362753 0.03416411936197992 0.03306934590673321 0.03166869022041081 0.030731517924743917 0.034746239795786116 0.030298862272412245 0.031774060665345445 0.03297337332293025
58 696 0.03293062017024743 0 0 0.031109738878401797 0.03350191058789541 0.03228812151988034 0.02901891106388812 0.033544324006940664 0.032196800915162534 0.030087295730783916 0.03243305879851002 0.029982115437804886 0.029139155535582887 0.031289451092283614 0.032167142199121077 0.03259269270730154 0.03209867809093374 0.030312267175737588 0.02917315933889096 0.033211737330224936 0.02874158913035532 0.030340855676069714 0.031447042310210956
59 708 0.032594282699439925 0 0 0.03067090240753307 0.03298342442789252 0.031847939010257405 0.028347337494060924 0.033385370083864746 0.032132811162508025 0.029645244093556292 0.03209644877502886 0.02958459414479249 0.029068233941338176 0.03099015117510204 0.03181550728092853 0.03222689416597487 0.031696630949039815 0.029846277951823864 0.028861247260757155 0.033203639405931115 0.028582771769887327 0.030033098451871236 0.03103311389275104
60 720 0.03237865007752458 0 0 0.03052294539763325 0.032701381840231816 0.03166585044791159 0.027965949230743237 0.03306336753798851 0.03185467342279527 0.029410581693965234 0.031834023645345357 0.029181418846835592 0.028806912811620174 0.030874510381462616 0.031415316863666234 0.03201033957219865 0.0314608020208787 0.029329739948195627 0.029132052220064555 0.03286347342984759 0.02859203924861741 0.029779624273734786 0.030720522104828413
61 732 0.0313728503872768 0 0 0.02945709762870856 0.03209810042066867 0.030625808839570876 0.027058461592870727 0.03204186322613669 0.030574260598839186 0.028410866117059758 0.030637839855156418 0.028249163326756165 0.02778404581887521 0.02993215405205662 0.030640768493914727 0.03088946046148439 0.030547136922024598 0.028366883346683195 0.028073262410366222 0.03187699067910774 0.027718189334724235 0.028884091485991293 0.029821560658702985
62 744 0.031322247287883236 0 0 0.029070783117809307 0.032067312206334 0.030518475053512642 0.027199244715385904 0.032237708862339086 0.03047515986875369 0.028445539579363993 0.0302450386581802 0.028062895619003 0.02802684745162217 0.029758845189469994 0.030578411226735668 0.031247299350972653 0.030836442736982928 0.028192253167231486 0.02800839297851748 0.03186591937336042 0.027608548539669493 0.028395601895696856 0.02983312755172952
63 756 0.0309690657878638 0 0 0.028695530015690612 0.03158602233835804 0.030171431259290983 0.02695658297837525 0.03211939780758718 0.03008646091334544 0.02783738298617012 0.029803146301305067 0.02779421647315988 0.027377177612696292 0.029148318278584676 0.030395250606352505 0.030739752132413197 0.03043115271185042 0.02776836025624994 0.027823653056173403 0.03157750286316374 0.027408723426287213 0.02796616774847206 0.029645916612535676
64 768 0.030456140326485234 0 0 0.028334030591159087 0.0313436086794031 0.029704845939451583 0.02662923707451755 0.03147584964239216 0.029199622285009663 0.027215957833853097 0.02919025224255322 0.027241895186907047 0.02676384924372595 0.02843902424662747 0.030063782868542804 0.030325043316683214 0.029829524837840446 0.027449583715720524 0.027381713883636756 0.03069141667206313 0.026913516055171824 0.02744767740021784 0.029088521876791555
65 780 0.030156002196741614 0 0 0.028123582085026366 0.031820021491147654 0.029481557670708324 0.026468861252834704 0.03119173283272157 0.02875319551451061 0.026781298925242242 0.028955964987350508 0.026899642318607586 0.02652184503969502 0.028063183222461884 0.02970130979617802 0.030209265757123776 0.029570011822450667 0.026864893780972673 0.027123811010556064 0.030415309535954976 0.02652281751372703 0.027266739740381192 0.028628919701853314
66 792 0.0295782205828406 0 0 0.027474728140938567 0.03169477948822417 0.028742910148447445 0.0259304109139609 0.030430365496157772 0.02804090266626555 0.026109594219128705 0.028499442373548425 0.026330373450924767 0.02572567837060797 0.027509965109040073 0.029035559012331454 0.029699953898867464 0.029260869201776875 0.026294104578020828 0.026584257454602595 0.029874518497335467 0.026036115467791963 0.026701487027928558 0.028087332992882148
67 804 0.02821194620843406 0 0 0.026057181513162216 0.030432732368744157 0.02726924505113371 0.02512762769231277 0.02895425962889552 0.02682377941195378 0.024858114127393503 0.027389057315806604 0.024838874576233974 0.0243165032725086 0.02592964095699325 0.02768748119226234 0.028561385869530755 0.027914091915235965 0.025184117897636304 0.025446615967670092 0.028131501389653434 0.024925101207578904 0.02547720617774444 0.026878236498058462
68 816 0.0261976187930444 0 0 0.02420960074078589 0.02830189500422758 0.02527795651361221 0.023223141086020287 0.026878176142585215 0.024420942579587636 0.022989142439275106 0.025378457692088376 0.022913249371667024 0.022690924467916557 0.024082942505892924 0.0257444690684119 0.02647332928308079 0.02594079016573071 0.02335640272077667 0.02349209396292883 0.026049073302449655 0.023281578441251283 0.02363835456044633 0.02476383961042974
69 828 0.0250382760869623 0 0 0.023221447716789013 0.027261146151258134 0.023986717180455537 0.022013203213480416 0.0257539606672487 0.02350745172406705 0.021854981146937368 0.02419560872032266 0.02199060812543252 0.021676268479449784 0.022954300558891447 0.024439745781798104 0.02530414365243605 0.0246743924175203 0.022433315448303855 0.02237137903504985 0.02465295275994977 0.022354254977914927 0.022604412256210547 0.023441955144794552
70 840 0.024899728908577626 0 0 0.023032514284592454 0.02711930353191777 0.023950398531435553 0.021914060427424113 0.025701894418231803 0.023266940580676906 0.021825642921126705 0.023950352901660116 0.021846738460361538 0.021781008993214387 0.022600569331104 0.024298673393174826 0.02525518945685187 0.02452136345906892 0.02237280210714895 0.021836994855802806 0.024759257731461856 0.022217203656238253 0.022449156950705672 0.023429847065758038
71 852 0.02466674723255288 0 0 0.02256165284275524 0.026645502667366386 0.02400419700154396 0.021555584990800125 0.02545582585612684 0.022727859333962038 0.021816888707973884 0.023794171432571218 0.02162271213855793 0.021701799601688335 0.02225395358905475 0.02394561387739723 0.025047552142970726 0.02434555040452863 0.022214255442266188 0.021436014329657468 0.02450086167601487 0.02208353698389982 0.022182721212138337 0.02317781466166301
72 864 0.02417812571912136 0 0 0.022125373704055738 0.02607869021653457 0.02357959128316238 0.021141711313873667 0.025046299657486015 0.022312642098450082 0.02132108876290699 0.023129283803419942 0.021074133260097494 0.02118036480734407 0.02175598260965518 0.023397161921573005 0.0245633310158132 0.023938242506577254 0.02164593664618279 0.021012142812065582 0.02399703981735719 0.021700057234573692 0.021443870324633556 0.022729920421997847
73 876 0.024241195394747016 0 0 0.02219739772327466 0.0262398943304966 0.023995808844303614 0.021106026817372933 0.025036408796006545 0.02244164270848861 0.02147983075158515 0.02331405509125356 0.02133915318265125 0.021144223346678637 0.02186744253015899 0.023293386892280728 0.024649355432895752 0.024049752145719028 0.021331408011234124 0.020840439385200527 0.024010445947211412 0.021711440549815244 0.021427152635730994 0.02280803975299034
74 888 0.023799654784221934 0 0 0.02180958474250636 0.025832592170537027 0.02366669717027326 0.020762512737288498 0.02437422913461495 0.02212900750806423 0.021009055916697158 0.022821127686646576 0.021078455793998998 0.020768662516648106 0.021384491586152656 0.022906093057991874 0.023867813581140512 0.023586926290759907 0.02091335795813943 0.02049981272349255 0.0235713079377669 0.021209585280369744 0.02118459707559625 0.022371877277682427
75 900 0.023601815065434604 0 0 0.02159898222377315 0.025603072311718822 0.023616074136688155 0.020656691878274205 0.024218924496252143 0.021714098143153927 0.02083967385565776 0.022719050941652146 0.02120378661787611 0.02046116770689115 0.021116288554083686 0.02272963905133191 0.023720605483870796 0.023446055645139113 0.020499824486565784 0.02059556217036834 0.023513049966308 0.020978868004794496 0.020739436596398556 0.022201494160970725
76 912 0.023388295708644233 0 0 0.0212446110108729 0.02521345996989577 0.023445755834354192 0.02021217576839963 0.02397556268565698 0.021654373786459458 0.020633054927076518 0.022601539365800675 0.02084383758102313 0.02030768922685072 0.020867469886845905 0.0225135309270118 0.023600159205579688 0.023465126060517368 0.020353651074738223 0.020536453745359923 0.023363820998396224 0.02082302218793912 0.02052205596810577 0.02207435904025461
77 924 0.023115465589141817 0 0 0.020922452900701546 0.0247469057771335 0.023212224222160488 0.01982912250407591 0.023518938560091854 0.021378711747598183 0.02026466410569482 0.022229055373432956 0.02041185558360952 0.0200138801838297 0.020543194344283824 0.02212850067535712 0.023502922397356588 0.0232630699091475 0.020070486708770423 0.020298988119267662 0.02329697863448485 0.020476298092871773 0.020293566305926644 0.02176166205604963
78 936 0.022527000106314313 0 0 0.020347596089801533 0.024103891580902544 0.022717091930607513 0.019614340718424068 0.022826466870938558 0.020723909117327775 0.01974837891731816 0.021766003378719076 0.019898339812697372 0.019331993801660032 0.019831557246783666 0.021487410744822702 0.023106547252964994 0.022637106017693278 0.01955998061875301 0.019482207740116185 0.022862972340422685 0.019998601469645622 0.01973298366363841 0.021118712143385728
79 948 0.02267258683084297 0 0 0.020511003885092208 0.024343659225358444 0.022827843165449772 0.020044755619310912 0.022936511857942578 0.020908602920174043 0.01993500428806126 0.021796187491496297 0.020097605024691725 0.019456075090939644 0.01985939220952532 0.02151400236075906 0.023468067211246123 0.022582700266969225 0.01961184838454625 0.019543958117285792 0.023018583916292298 0.020045005499498465 0.019836159327103642 0.020974748891303022
80 960 0.022688269496948996 0 0 0.020528464504386296 0.02436559142389432 0.022864338078206665 0.020152927862034393 0.02294426369964334 0.02088024137695127 0.019916633221663888 0.021907628073037578 0.01990611609100544 0.0193351598840384 0.01982457995318898 0.021362546349105064 0.023541438654776883 0.022387692196611096 0.019416430889294976 0.019426179876845764 0.02291747969603942 0.020232505147921742 0.0198574595590817 0.021078982874841178
81 972 0.023297554642651406 0 0 0.020970230043511437 0.02477365201117341 0.023345643647978028 0.02081555346174702 0.02341728339533316 0.021914960897195548 0.020437515326625903 0.02254460203758253 0.02021300243668955 0.019826171276507633 0.02026671016585702 0.022025875445363864 0.02418974299703288 0.022961901697337823 0.020089348817260842 0.020049733407330943 0.02347993922809523 0.021047706126103845 0.020451969599117152 0.021625172457308283
82 984 0.02373425648704635 0 0 0.021254296575089492 0.025306345161620055 0.023761455618708478 0.02135728992317398 0.023769782310391528 0.02245703540190067 0.020789151781974515 0.02298951434774196 0.020662094149342676 0.020253716181229883 0.0204852874251818 0.022344083457569948 0.02445054410562504 0.023410918846411454 0.020515941738526552 0.020369845686122552 0.024243820872263115 0.021510367431628114 0.020883219643732288 0.022151072916553893
83 996 0.024046160073569495 0 0 0.021465235202774283 0.02568223206943912 0.024103178005583162 0.02153280907979427 0.024344331425648635 0.022715287326532392 0.020868224452821833 0.023288739057581727 0.02101329060849698 0.020562954398154153 0.020652370602221977 0.02277852536455218 0.024624841537393385 0.02348799037126873 0.020720447022213182 0.0208478057897049 0.024571970780253895 0.021947785959852393 0.020915269991981147 0.02226144608294774
84 1008 0.024533092654908426 0 0 0.021695792868764413 0.025899437376332452 0.024793194944929573 0.022018350517075694 0.025077358769980577 0.02311038409819379 0.021330067386593637 0.02382946804745188 0.021340558042818494 0.021030533508721368 0.02136227942358638 0.02303676816594027 0.025112643878481195 0.023928484031246405 0.021172556468947685 0.02126522474918598 0.02500032974112078 0.022631399319987623 0.0211922636447804 0.02238600125063673
85 1020 0.024819018136289756 0 0 0.022051119485196575 0.02634741098458623 0.025146470510728536 0.022313910218826748 0.025582564091923533 0.023373688192033615 0.021727090226970502 0.024232348670090227 0.021679212905741305 0.021426566486139942 0.02151142219012815 0.02342778945451694 0.025399616379590532 0.023822447042112033 0.021432119234253533 0.02124372698013713 0.025017468501750996 0.022984446567986094 0.021645619484165813 0.022623531477958817
86 1032 0.02479107408099061 0 0 0.02204635036821381 0.02625596905974931 0.025035140923924264 0.02224336854974706 0.025706844290219362 0.023319863954623304 0.021674719026230357 0.02415528367049248 0.02165609874299914 0.021263633546270692 0.021433281905025185 0.023393758390005997 0.02540057864526377 0.02392214067221501 0.021404239804478743 0.021112206159764325 0.024851567684066905 0.02302322503471298 0.021377936398051918 0.022611053937481695
87 1044 0.02430809513513413 0 0 0.021610505001116893 0.02583972053261913 0.024413702913973885 0.021609878041686285 0.025213639071312 0.022854705450526494 0.021244444414963357 0.023515550641405206 0.02119568148292823 0.02093271380504153 0.02093848455809934 0.022847490328850487 0.02495964951415306 0.023549907815320518 0.02097338389950746 0.020707327709387706 0.024160064035195914 0.02242747861363168 0.020896554233979753 0.02196644357720023
88 1056 0.024264236684292746 0 0 0.021600325915906618 0.02566887807394146 0.02443603332298913 0.02195145700170489 0.02508386734790822 0.022880115146509977 0.02095124814776329 0.023301098120516183 0.02103418090636254 0.02076625631786455 0.02098327187474596 0.022773171601176073 0.025201338184502382 0.023517874236997804 0.020969617253057977 0.020680621183432852 0.024278876009913495 0.0221693986346556 0.02071939342679853 0.021891104808301195
89 1068 0.024430552025680393 0 0 0.021597695687862278 0.025811789168007804 0.02472113847516788 0.022075786635873736 0.025048680747216553 0.022955470864385805 0.0208694625795409 0.02342511552335908 0.021132792417346037 0.02095421649393313 0.02122555782461131 0.022881382262677708 0.025252490106420472 0.023864397245831965 0.02092330862811404 0.02092384083647987 0.0242850393181526 0.0223385339868339 0.020803031617864908 0.022036458269027268
90 1080 0.0233187390729554 0 0 0.020683210084448327 0.0245664918709365 0.02355884729802688 0.020959215561192627 0.023834345194649196 0.021768307168139975 0.01961708894988414 0.022171352453000465 0.02021246857322662 0.01991137274818343 0.020369102669728766 0.02159940352196936 0.024022345511564083 0.022806247360545033 0.019932906846437937 0.019947830461047207 0.023109148438770266 0.021345961314917297 0.019941759057974403 0.020871347511947375
91 1092 0.022135218895975268 0 0 0.01961884427472973 0.02309621313163999 0.022491009595019186 0.01968795930216395 0.02250181994096218 0.02040307867922749 0.01865475901403549 0.02100496953361212 0.019177185838715746 0.018848636958945415 0.019399062354303154 0.020495604000790178 0.022997005892725252 0.021578814386547244 0.018915876136532995 0.018976048025204747 0.021861719605192186 0.02036476630214201 0.019000313828885236 0.019767427132977473
92 1104 0.021232298906165778 0 0 0.01880889949945784 0.022036381787256504 0.021504318578640682 0.0188722815600921 0.021785296661644867 0.019372436249020793 0.017948498334914367 0.01997740608514544 0.01842529263401585 0.018138319793655145 0.01827656097632699 0.0195951234026493 0.022070075165407183 0.020487208504995438 0.01816127535388904 0.0182605168717116 0.02090208369343388 0.01949679587126256 0.018135301145382435 0.01902920385878142
93 1116 0.019986969709366368 0 0 0.017680013299051837 0.020762159505173412 0.02029389164648703 0.01769613328383781 0.020485390937050423 0.018227506517944664 0.01679656933073923 0.018827018680992524 0.01738347419699312 0.017021449249704706 0.017110560160993327 0.01847994519043963 0.02077661737139657 0.019349474193327602 0.017174720538780695 0.01725369886880776 0.01969828461169493 0.01842610793809508 0.01695818646818693 0.01789344356096529
94 1128 0.018737413505510767 0 0 0.016576634922927422 0.019433813850363656 0.019176514262408365 0.01638240406393357 0.0190663132539835 0.01709675300586661 0.015580831763620863 0.017777273130560805 0.01629529550240772 0.01627230861854975 0.015926771066246313 0.01728765644951676 0.019567676003642762 0.01809517431167714 0.01608605730607094 0.0162153956273303 0.018436231216617756 0.017034797769698067 0.015784022473204522 0.016776233056270153
95 1140 0.0181351139094082 0 0 0.01616555009433179 0.018820985215487477 0.01857350713697431 0.01580982048042487 0.018363594468581504 0.01653307923990552 0.015117060867313983 0.017310297114220104 0.015736273683552845 0.015662582244928627 0.015297043419203508 0.016639149745858478 0.018749099135550777 0.017579074366216845 0.015408793764889234 0.01576798540911431 0.017907480625789347 0.01637528935682585 0.01531782848204054 0.016226498148023263
96 1152 0.01822818324170153 0 0 0.01638665503362493 0.01895683882788731 0.018900493335281095 0.01581243450918611 0.01830537440426003 0.016505025229339422 0.015177937664119876 0.017365113445920895 0.015797063357810122 0.015649240027878243 0.015387942544510624 0.01678950607650522 0.01882292065692895 0.017548607979580615 0.015474120511069578 0.015994550671661428 0.017786590822398866 0.016543309284609387 0.01558486027700159 0.016483060562121458
97 1164 0.018134972890068525 0 0 0.01621983583233769 0.019055926215128763 0.018953269476778535 0.0157099201922965 0.018146701479181928 0.016438687117168498 0.015076477634637802 0.017278681288031245 0.015741704447682314 0.015554544260131295 0.015295340719168177 0.01696886278200573 0.018674264459692932 0.01735077299697034 0.015409124991407072 0.015910186356032568 0.01761062007178269 0.016527405523194497 0.0154486107952616 0.01618555635465315
98 1176 0.017626796743839566 0 0 0.015717071705569477 0.018665632757812137 0.018389778239831296 0.015256823909969217 0.017508871898693976 0.015878860827113796 0.014770256797929433 0.0167977300453985 0.015337574972302615 0.01518779982064023 0.014752079635447519 0.0165170069298197 0.01822534540295982 0.01687054298707515 0.014859702045763451 0.015476494175763553 0.017106429733731568 0.015991737137793074 0.01497702387616589 0.015697596725834574
99 1188 0.01713426634569533 0 0 0.015254370396857245 0.017951890908717516 0.017829802038166385 0.014741780506934952 0.0169722362485674 0.015358516661042796 0.014371554730025013 0.01640862387302393 0.014866140630353618 0.014816514096786608 0.014251543931810218 0.015949592725237043 0.017722371110117163 0.016609330717601577 0.014392936798074329 0.014955738549679094 0.016487988890144818 0.01561443516760568 0.014508715767134545 0.01528466835796108
100 1200 0.016600483474789606 0 0 0.014771434262191557 0.017263703904320384 0.017185686385340633 0.014280866590228043 0.01636231632385171 0.014821884598878706 0.014064752277526776 0.015915751095749556 0.014490685337302592 0.014435528536930574 0.013752456656825904 0.015430179748174908 0.017204739376510507 0.016125255392810827 0.013879576349922425 0.014502716202047796 0.015984614113071473 0.015095224977601412 0.014194285243045474 0.014897040923301122
101 1212 0.016311084202184304 0 0 0.014473270996623789 0.016954687030555294 0.016943918598241303 0.014050740900486905 0.016102607129716683 0.014582753300243913 0.013782666386637558 0.01561664223678536 0.014329835459800263 0.014093922123812627 0.01335811022827402 0.015167962613977366 0.017025692022761815 0.01586174638661702 0.013323252228566243 0.01428959943413105 0.01569175623485603 0.014892138962356099 0.013990734961458163 0.014704526580146891
102 1224 0.01620159335808192 0 0 0.014285750462493516 0.016761129150047224 0.01697456016423886 0.014136651408368995 0.016148462007725437 0.014437542750763177 0.01369089405063254 0.015580497982379994 0.014222562076530316 0.013910686458266102 0.013144884450098378 0.015002232477139724 0.016943774900068032 0.01577799512645973 0.01309294582804251 0.014227721719963367 0.01566212103622756 0.014665338117443546 0.013901401975607436 0.014564301833133425
103 1236 0.015890432928581284 0 0 0.014057781900632794 0.01644956132891826 0.01660531324099984 0.013920063531852853 0.015833597588220012 0.014041441889235817 0.013429897756212839 0.015379132848135996 0.013765361114022948 0.01342343279037375 0.012984697427204855 0.014701478432921078 0.016683494931386187 0.015499160538154595 0.012761222456573226 0.013939978607945764 0.015375675367636692 0.014440107593637563 0.013545670751288106 0.014265255546655307
104 1248 0.015776279477392425 0 0 0.013968634563438638 0.01635974132866094 0.016781629985379822 0.013847881585253977 0.01562292976829586 0.0138202172990615 0.013351886621915035 0.0151322294696315 0.01370972804357987 0.01328993372993004 0.012919850093299908 0.014588704906212308 0.01687245230718832 0.015306007799454563 0.01268073008336617 0.013784897284652878 0.015233604797869907 0.014421614251746888 0.013486539941502314 0.013804910269624633
105 1260 0.015716914958085058 0 0 0.013919439049831544 0.016231739872511926 0.01696081282195794 0.013799419498223785 0.015519338148284463 0.013768886124421236 0.013237417530269354 0.014990248055264065 0.013638926644346568 0.013263773350452528 0.012796243382878271 0.014446746129319234 0.01708893509662619 0.015416433471236203 0.012647952830278282 0.013797313585022888 0.015297598343092068 0.014411171181202652 0.013334537664268415 0.013608292740646944
106 1272 0.015506093331456998 0 0 0.013735451821893679 0.016116466539229594 0.01701352498435947 0.013460114329978679 0.015388549175764508 0.0135550503986762 0.013004392287019682 0.014731175283017263 0.013423558385081632 0.013183507665103459 0.01256097555140728 0.014231296548280318 0.016723956954549708 0.01517756942327616 0.012446210697310603 0.013722223527945016 0.015037521080789745 0.0141098751307151 0.013052972145514496 0.01340518035750003
107 1284 0.015976895354448142 0 0 0.014159162039781657 0.016729210375356685 0.017717021551203745 0.013854887848682473 0.015892819818342542 0.013882119891599085 0.01339770141198442 0.015177343140446005 0.013831297912004456 0.01366765530245018 0.01294211363889569 0.014570245900866042 0.017344453912953528 0.015854903278980766 0.012856272624555957 0.014001508256118693 0.01543849684356506 0.014605166882893308 0.01358839852450223 0.013640089783759426
108 1296 0.016640987757069462 0 0 0.014782699012950148 0.01739942577490155 0.01864330192446641 0.014447953272806017 0.016518216737816418 0.014244903978498891 0.013947342979751977 0.015838124793284197 0.014435881043431062 0.014255956536528731 0.013371488999672807 0.015085111731231206 0.018176826087589044 0.016492218958512522 0.01333253887512396 0.01468136949948971 0.016150680448247523 0.015177617573785097 0.014196092081093748 0.014198692458012046
109 1308 0.01718549413439054 0 0 0.015329735154438997 0.017880633150121426 0.019419913533161772 0.01504567494443281 0.016969421231823097 0.014718526252530634 0.014425393655031434 0.016326278111110117 0.01489562216553407 0.01466792605524119 0.013804854006992452 0.015520011715609672 0.018769192876329988 0.017050834868113922 0.013671306878988427 0.015119234575979528 0.016641105327423824 0.015679198869638915 0.01466332996857788 0.014736272947177678
110 1320 0.017738881992441946 0 0 0.01588280450424269 0.018521144879914356 0.020092975961221466 0.015621960577651302 0.017588438473756657 0.015153627745214403 0.014912954637357251 0.016871009864837742 0.015431607281863284 0.01505999864798471 0.0142157233472601 0.015958718241631573 0.01932151859982097 0.01749876651096806 0.014381720605554133 0.015794035938753833 0.017384388857537177 0.016299230080596454 0.015173247341263489 0.0152022929641198
111 1332 0.018613331795402067 0 0 0.01673489544237629 0.019383005468746148 0.021050129687836646 0.016467324037507784 0.018409551223751642 0.016127657293736972 0.015761407732862383 0.01769995680867873 0.01613984946924036 0.01571821255970457 0.014900331378093748 0.016881005864065 0.020098530846573884 0.018309452108830244 0.015331547005693159 0.01662996529516855 0.01817598919752424 0.017046249603383464 0.015965492187824018 0.015933462880657036
112 1344 0.019610283292839505 0 0 0.017537506497417723 0.020367606676961303 0.022104197178367244 0.017267368467926664 0.019698439426567682 0.017032337209251788 0.016851711426800316 0.018720690120122157 0.016888125921071088 0.016595232170731784 0.015671588203242968 0.017784763542538027 0.021087483059542427 0.019294711673576142 0.016175129802008775 0.01766468659964656 0.019229330881047876 0.018102199255915597 0.0167650563695893 0.016791845158437665
113 1356 0.019402140342391433 0 0 0.017115157310734336 0.02007114094742244 0.02171500756623885 0.0168656242013478 0.01966598597607641 0.01694671238557812 0.016951144919447835 0.018612548064312423 0.01666437512524553 0.016343241683922823 0.015442960869027906 0.01789943905657475 0.020763896125328106 0.01909403381466263 0.015903653974797653 0.01759313638843489 0.018969007532680583 0.01793658723316032 0.01652343929611942 0.016520148413394668
114 1368 0.019387123574881402 0 0 0.017158442429427826 0.020104293896619073 0.021663326157617718 0.016825432709196664 0.019727535239691445 0.01692572071823246 0.017099314395459076 0.018612140702458122 0.016634557343998695 0.016336675459196034 0.015460975969649357 0.017455197979364897 0.020757599686480468 0.019088149671645075 0.01586875694638365 0.017712676372096413 0.018874311240047115 0.018005096014697866 0.016341967729716637 0.01626613301679379
115 1380 0.01987393074165884 0 0 0.01746556531559587 0.02074610853058284 0.022266210229790813 0.0171743095812855 0.020516412395445348 0.01714236708954492 0.01780964354798032 0.01905665379167111 0.01696366113524226 0.016619548914501358 0.015845979716038783 0.017876415737751204 0.02130021002331054 0.019781129226331476 0.016264421732247677 0.018229741869831985 0.019405294315828592 0.018294265680838483 0.016662896887966794 0.01677672950629745
116 1392 0.020014777698766553 0 0 0.017792704238996957 0.02086457152705649 0.02235025425013027 0.01757561797983822 0.020593854920048983 0.017381591384333896 0.018018671353840634 0.01889594420129971 0.01708502354005198 0.01671406910130424 0.016121084926666845 0.018153080779373897 0.021633576482804097 0.01984832006988448 0.01656497004879266 0.018371410957165935 0.019545426045609618 0.018254990984193878 0.01664868564696479 0.016808954805856067
117 1404 0.020449732668656625 0 0 0.018182192497658237 0.021267273353261312 0.02269229058118033 0.01818055062448478 0.021019186167524646 0.01763755491198429 0.01852227396281826 0.019291377352446334 0.017512712291361004 0.017092813808579556 0.016581628819154058 0.018620829648337788 0.022280734016565443 0.02025107756269722 0.01678443185925207 0.018730537657120083 0.01998280997846293 0.018576942964232963 0.017328985295127282 0.01702912901804095
118 1416 0.021080271157776484 0 0 0.01875842802194671 0.021923280087654352 0.02331297764570361 0.019022957649736955 0.021519689503131545 0.018261483816596192 0.019094552049380382 0.020047736076187404 0.01799491101484807 0.017701581651158236 0.01709803695954414 0.019114354106127777 0.022786927280184593 0.02101819770434332 0.0173371143073557 0.01940983292725448 0.02061860183737772 0.0189487179098825 0.01795072749067038 0.01760935497742231
119 1428 0.021339999575715 0 0 0.018901781924547247 0.022220630403915462 0.02365395070567317 0.019478144404861533 0.021707702820602737 0.018354715305134293 0.019254154755951425 0.02030365294587004 0.018302908528246575 0.01790060261204189 0.017208686201402545 0.019348527860076913 0.023065512296603412 0.021381809159675778 0.017550345616540498 0.019635450052402643 0.0210729903020897 0.019146270140049902 0.018242104026714837 0.017735131983956754
120 1440 0.021562693254041903 0 0 0.01895772990362606 0.022415124026395707 0.02388306316549581 0.02006355031047729 0.021950876853726174 0.018559852288209108 0.019471141945096436 0.020498882132504864 0.018253440780301028 0.017914011595802432 0.01721731544797493 0.019546231659898012 0.02328890502488536 0.021628228284639776 0.017749739655274255 0.01977538146114043 0.021521327490828964 0.019292165122713877 0.01838572911350356 0.017908573761907652
121 1452 0.021685754817671987 0 0 0.018953590938542732 0.022458566231918418 0.024008620431068686 0.020396860206659425 0.022056617925957814 0.018649660105100403 0.0196713036103189 0.020606144329284124 0.018190850923621153 0.017964881117944254 0.017272476498391004 0.019838607789424843 0.023545358823449887 0.02180854231963691 0.017837345467580097 0.019719313724797388 0.021582037694887132 0.01945096223514675 0.01850161417118465 0.01772791512042526
122 1464 0.021820456016291526 0 0 0.018992958456020715 0.022546320603070547 0.02415628263564084 0.020596860852291166 0.022309146725434128 0.018648723174876806 0.019843122828022332 0.020459164710480544 0.018421717910759784 0.01802769020196174 0.017389273876787927 0.01982266062217921 0.02371156880850409 0.021798969293018677 0.018055312424295804 0.019825801431816142 0.02175158389723056 0.019603385772735474 0.018700176052243382 0.017749429369830975
123 1476 0.02127068767960621 0 0 0.018446160039516407 0.02202507903141721 0.023373829089242744 0.020127836996207443 0.021725071209992505 0.018212076080548843 0.019398249783869663 0.02000389654727038 0.0179875753634044 0.017636918145963826 0.016907845040426958 0.019345575805355397 0.023022420556948347 0.02119948796223615 0.01761511129691777 0.019166871196095493 0.021296706313289938 0.01909312744074826 0.018016169584451885 0.01729353303914083
124 1488 0.02137181335529921 0 0 0.018479724297280824 0.022047620028335452 0.0234605023360079 0.020151226463825687 0.02186351540753565 0.018270974727046894 0.01957898262308375 0.020211317630974814 0.018118653289702944 0.017853658411565637 0.01687317733172453 0.01958381883209498 0.02322575689463987 0.021348243637333085 0.017636992796607614 0.019187306018128517 0.021577531760193034 0.01901090703805088 0.018163429780246862 0.017342365123896707
125 1500 0.021602543591036437 0 0 0.018776159987149422 0.022254088945220473 0.02341114309434223 0.020399275565081088 0.02215283599263808 0.018473551051191667 0.019744750484200657 0.02040662851507806 0.01829626837179064 0.017949990651573794 0.01690535548582186 0.01964534291897663 0.02340933154171758 0.021565914416471547 0.017680295200339844 0.019671486583772962 0.021895956934985857 0.019283782227262892 0.018308525739387446 0.017619544722222207
126 1512 0.0214733998332375 0 0 0.018593224011671364 0.022106612647935103 0.023251246427007807 0.020226896706947477 0.021873808974280404 0.01832737278494119 0.019776699649231625 0.020317788359620115 0.018161763244748358 0.017843808040819503 0.016649563504743146 0.01954207726365686 0.023142582040538876 0.02153650199698736 0.017513819474501896 0.01955352743990547 0.021654706844525917 0.019122890913328573 0.01821517603571304 0.017565301474388853
127 1524 0.021215479660219996 0 0 0.01846817258280579 0.021838945506529983 0.02303482476332486 0.019858973336065684 0.021317146864534727 0.01798901432958679 0.019753134299595607 0.01996571549470675 0.017924799715208523 0.017557910866694414 0.016305029807837663 0.01930670268480128 0.022840340855566032 0.02111246227243619 0.017215508718925767 0.0193341269401295 0.02139832678272684 0.018920070867513104 0.01795536662977219 0.017263339678270977
128 1536 0.021266753331446755 0 0 0.01859441251616446 0.021624824938470674 0.022879138409904833 0.01993309230283682 0.021257189627613082 0.01789999466165286 0.019793006122474283 0.019812129861332864 0.018009353137329903 0.01747254020590114 0.01616311048821503 0.019725492531332305 0.0229805952175211 0.0212654519223249 0.017353348171009916 0.019465507321139594 0.02153609969711591 0.01898413632559398 0.017959549454063625 0.01736648121484268
129 1548 0.021825530231481975 0 0 0.01926504706301326 0.022092907580456202 0.023214988007501765 0.020409802032856562 0.02179392235939653 0.01832259344288255 0.020392019114508716 0.020325309221134832 0.01846638736679906 0.017934395800694107 0.016618715464998386 0.02036947982299086 0.023469518063017794 0.021815914078578347 0.018241962554293792 0.019654393437787774 0.022209148303785505 0.01959628458838542 0.01842179553042429 0.017931791462698
130 1560 0.021425495869945008 0 0 0.018872723192746684 0.022024012955884915 0.02274327600150122 0.020013599191693637 0.02110496617391188 0.017965078916243844 0.02014328964652979 0.019984196295313172 0.01821721544211849 0.017623462483752905 0.0162194877370235 0.020230812126428823 0.023080925730869246 0.02145487010321711 0.018014056896328942 0.0191116988655097 0.021830968397713195 0.0192311463210908 0.017992850611502242 0.01775507906607441
131 1572 0.021302073300218216 0 0 0.01861620104294038 0.021786213661737365 0.022656735051710657 0.019786751446049546 0.0208924644419762 0.01788882858846804 0.019873602323857133 0.019789063585379817 0.01819649275226923 0.01753156074001256 0.016050105973742224 0.020110803611762297 0.022717271455914293 0.02134387491542412 0.018082898230371364 0.019019547844540234 0.02165884378146904 0.019164009378671448 0.017917548120321425 0.01789670483121368
132 1584 0.02082832939779378 0 0 0.018143548602620293 0.02091591177677338 0.02222936650297083 0.019348775218020364 0.02056441687724304 0.01774217363361524 0.019460346187447766 0.01930587574560712 0.017809392073369578 0.017172911702854093 0.015655094271001806 0.01967637972183756 0.02221152142134555 0.020595268412586767 0.01776436443832235 0.018644418771751447 0.021067613916418447 0.018698479119139463 0.017416262862471103 0.017538490162445054
133 1596 0.02094663722703077 0 0 0.01838597512056881 0.020965347059638248 0.022183413346318234 0.01975189080300123 0.02052368703605645 0.017761929964431874 0.019595420258664814 0.019326108020880965 0.017917198630092186 0.01718600300394418 0.015839600804267332 0.019820027194613336 0.02257833188098748 0.02076252619261681 0.017901002624848984 0.018472855834161566 0.02107341162099659 0.018682979475095923 0.01750261968113987 0.01765823230496083
134 1608 0.02147832874205422 0 0 0.018863551130783494 0.021454632260216315 0.022912855371852 0.020535232980842432 0.02112254995138609 0.018311886381418632 0.02013572712429622 0.01968229741417844 0.018341025974064566 0.017520617441882356 0.016244748258756152 0.020349981798513515 0.02294556237575268 0.021350227878909413 0.01838914334666539 0.01888627618330513 0.021496850801879897 0.019172764310972954 0.017814022037019477 0.018147946154779777
135 1620 0.022670096960972948 0 0 0.019908551402139197 0.02248336468186712 0.02416777672289239 0.021815156357362656 0.0222789423137722 0.01930633712044736 0.021110225033998672 0.020821118170854042 0.019122821499241032 0.018333006047412236 0.01739572031654511 0.021580635993476295 0.024045529645989504 0.02234498383670901 0.019448794926700295 0.01988750120022578 0.02287340196453774 0.020233228730346907 0.019000966556485567 0.019132315837136222
136 1632 0.02355073826408301 0 0 0.020651623725993398 0.023452295397261336 0.024948964997224786 0.0228497326992137 0.023015377088380813 0.02011947911826622 0.02203421130273801 0.021410904856060807 0.01992180224024268 0.018962528162420805 0.018111590042108914 0.022467292045856714 0.02498174492332287 0.023456473586655893 0.02009718952717295 0.0207049975773638 0.02393853046635675 0.02100416551149599 0.019529652366216475 0.020027505973835538
137 1644 0.024942556594340602 0 0 0.02190278483157424 0.025094949672306306 0.026419043828419565 0.024206353588910226 0.024662750319161333 0.021386095012562997 0.023422029091822286 0.022479247284184926 0.021131217754506014 0.020228561292175325 0.019319548896767992 0.023823343475234564 0.027007369856784293 0.024898831895259085 0.021090825430682025 0.02194571859395496 0.0255523101166006 0.022290766999894882 0.0206746552557598 0.021080625383457577
138 1656 0.024934392984767195 0 0 0.02201256021475072 0.025085063328256097 0.02643197273183316 0.024282623841957975 0.024777562242273374 0.021553989975639475 0.023575672689577425 0.022510829599034728 0.020961021312434783 0.02016040225466348 0.019271499903557924 0.02382177432000548 0.027135551906151002 0.025034162557043882 0.020794531337335935 0.021938922635798906 0.025639943361752487 0.022149391578157054 0.020756249170942497 0.021074138761216558
139 1668 0.024608193201243148 0 0 0.021639930828524025 0.024755051054086638 0.026062361329009513 0.023823887115103512 0.02465077062286617 0.021099763621154056 0.02326064446249525 0.022024634395792112 0.020377930828476824 0.019944573023813562 0.019022759781303133 0.023454660176343428 0.02681568861723654 0.02480332106127206 0.020473637822229575 0.021515302666116325 0.025364740005878135 0.021810374992957716 0.020311568378076517 0.020842121591265927
140 1680 0.026526905415453814 0 0 0.023280312084557647 0.026733733600568216 0.0280933582300466 0.025811523659383873 0.02768668557511043 0.02256474468901885 0.024948029560141773 0.02365633894141618 0.021944703468423712 0.02138266608818699 0.020434489953318223 0.025232195782319607 0.029456460868798644 0.02697464125168933 0.0223317174674618 0.023111524719937014 0.02785518652674159 0.02360938045205632 0.02177319535923044 0.02253216583994896
141 1692 0.02711018057600415 0 0 0.023717062842428083 0.027235806466492197 0.028670476324877417 0.026453718197238848 0.028216962806441915 0.023099150948882374 0.025402934676653183 0.024052604236540102 0.02250918698563035 0.0219243912712184 0.020916125108690658 0.025862180743901647 0.03002750007692635 0.027637050913904972 0.022735681036189535 0.023515001300017827 0.02865699908578089 0.02382552633239944 0.022199179106915767 0.023050345165625114
142 1704 0.027054504066242133 0 0 0.023593357166669257 0.0271499944520518 0.028593589247250095 0.02652500741009394 0.028694352994495066 0.022925313777107572 0.02516898911845682 0.024165913665494556 0.02258692246874796 0.021738854332319642 0.020817903440439343 0.02575359170075241 0.029978550316932306 0.027714857922236238 0.02268338984047933 0.023549322532665694 0.02855019167306975 0.02357451031458351 0.022091161445443395 0.02290082882869271
143 1716 0.026466128043510298 0 0 0.023122451262068043 0.026360962395869734 0.02792046583242501 0.025875985805341537 0.028235629660406412 0.022400000294899934 0.02457368555827278 0.02367308487770998 0.02213292300983973 0.021250917361001802 0.020345147218453083 0.025224112074150772 0.029273080968364333 0.027132231821950244 0.022256055601641334 0.02304398350313221 0.027905856427142862 0.023080331618683878 0.02149093703679703 0.02251973856887797
144 1728 0.026139412486942053 0 0 0.022881031681581274 0.025983417510069943 0.02742274790954594 0.025467295635447917 0.027913036855788866 0.022019997978394705 0.024504273797588884 0.023571821993822503 0.021745473631337567 0.020861641487454653 0.0201744248069016 0.025060426904636775 0.02886821268236749 0.026709077849867154 0.02200169333307226 0.022746501993732505 0.02748623384260351 0.02267375895175854 0.021121865287984203 0.02226560643700206
145 1740 0.02634539452781 0 0 0.023061305920169178 0.026149786588681265 0.027545020567007937 0.025648995381498584 0.028474905199393306 0.022134953230273036 0.02486616098059361 0.02373283137450741 0.021964194013039125 0.021090544633045754 0.020226067958435102 0.02563229325107829 0.02902606371874426 0.026661681309579063 0.02223441327182951 0.022739617515592572 0.0276262220728653 0.022767377386322982 0.02122960523942733 0.022580571178871706
146 1752 0.025983832788956645 0 0 0.022782254878417382 0.025805101861252247 0.027700212459388373 0.025203729582959036 0.02814458513229862 0.021886367828491834 0.024607125097411323 0.023425802354952573 0.02157979937972356 0.02061657373888419 0.02005539458270082 0.025312078060808593 0.02850353362682495 0.026025378056097805 0.02180215644087155 0.022424452762768284 0.027000520211737836 0.022558032999075616 0.020930396757803664 0.02225214408864528
147 1764 0.026909013018791218 0 0 0.023488812299052492 0.026630282617208786 0.028894147788643878 0.025900540288293226 0.02922137383423875 0.022845936514235724 0.025998731777954188 0.024236982860083342 0.022327548716009605 0.0214331105827981 0.02094574347055603 0.026149727665593148 0.029299545082283704 0.02725108458366916 0.022511199198659643 0.023071669400591858 0.027918893748454923 0.023263142867527873 0.02160998980975259 0.022945128366009628
148 1776 0.02761653725813157 0 0 0.024078536038697522 0.02738890884098245 0.02980775826352308 0.026703140330838496 0.030146351761030917 0.02331618361806464 0.02663955470406541 0.02482160800183027 0.02292854614801856 0.022069510458405522 0.021491214979158898 0.026954939827184537 0.030269062207822245 0.02797126431002507 0.023202636820686285 0.0237335394994265 0.028648356626907148 0.023623052984325942 0.022122930578918676 0.02339737990441332
149 1788 0.028048703934790125 0 0 0.024304876847015648 0.027726999805111792 0.03024696672327633 0.027176792812022826 0.03098469806642351 0.023712088832947537 0.02713663502111914 0.025212314805421656 0.02313174640392743 0.0224285245966603 0.021882911812214596 0.027326838434646342 0.030631321799737973 0.028475732706073696 0.02366397656880753 0.023967499599883802 0.029135324255151536 0.02405439117201741 0.022250229502106915 0.023939341684651987
150 1800 0.027535817764609317 0 0 0.023699787793305862 0.02706210750386408 0.02962439110735414 0.026721142533661032 0.03039294610146056 0.023169746802987858 0.0266879692581042 0.024841404088449346 0.022534827796296845 0.022052108662910602 0.021469283951292405 0.026806936362510265 0.030251237153429922 0.02788355508308567 0.023373792830748568 0.02365279301841204 0.028425432141196947 0.023648521692247796 0.021519045045655143 0.023503046862368256
151 1812 0.027797779348620287 0 0 0.02386955016046478 0.027075974803971694 0.029709423016177305 0.026918079998520177 0.030576877354746665 0.023555556713228242 0.027044972164095325 0.025024651118796117 0.022741977605973542 0.022388748325918167 0.02170919471247588 0.02707447370763894 0.03034563688389439 0.02864450495785619 0.02373695685135672 0.023769596545347257 0.028795229457863905 0.024226652654980495 0.02168151836795684 0.023597256547397447
152 1824 0.02821018759931203 0 0 0.024227159294057964 0.027488568663499444 0.030258973056505618 0.02733320832568249 0.030980267021089657 0.023957586965075238 0.027411112364080916 0.025385292884447696 0.022937229694867937 0.022615147379387707 0.022036413566050305 0.02745802693583674 0.03052320201524626 0.029265131334041544 0.0241549562751895 0.02413692351536537 0.029135269599573813 0.02474407436038867 0.022099056364249234 0.023978984034156135
153 1836 0.029082664243541095 0 0 0.02500398452637363 0.028371775177673968 0.031086495524036677 0.028463991367113674 0.031898346139878964 0.02460663374755531 0.028081135288722258 0.026280554223935913 0.023427841441441128 0.023390859103014063 0.02255016540362471 0.028096035209091392 0.03154057832809403 0.03034506771271567 0.02493028431409001 0.024962454279429367 0.030207333954470568 0.025451813078189178 0.023090723022796578 0.024739226472147845
154 1848 0.03023584549263436 0 0 0.02599997072748243 0.029680603983632405 0.03218789668101112 0.0300094533773791 0.032786047029407066 0.02580992173831756 0.029105931170713986 0.027249467129033565 0.024524972254782205 0.024338837283782815 0.02357064315778666 0.02908825785016283 0.032680413102026434 0.03135212586882654 0.026177805230534958 0.025835468901395223 0.03156089552633748 0.02671191819541333 0.024098354240486224 0.025509542453353407
155 1860 0.030797931124922365 0 0 0.026537495016765725 0.030175660206011562 0.03266331584930268 0.031006597151220915 0.033454984100461674 0.026396302512535958 0.029726781739726663 0.027583756264913724 0.024938822815347945 0.02470810241640983 0.02395394796623619 0.029474354554728605 0.03332982454863893 0.031919506471392856 0.02632640365980016 0.02629423856063561 0.031971823445122775 0.02756931715196106 0.02459089824643739 0.025585713173831057
156 1872 0.030878376060948298 0 0 0.026754130453255 0.03001002568974804 0.03232392814282165 0.03137756259553392 0.033487556466889445 0.0265966904633186 0.02963401032884712 0.027643275878890265 0.024993666251786346 0.02467884361890903 0.024000833561645347 0.029607861521438836 0.033351906783105824 0.03180464590004606 0.026584782669067827 0.026319423015577697 0.03204329759013348 0.027763111111485498 0.024813696212381314 0.02551736279608092
157 1884 0.02941258198305088 0 0 0.0256393842652438 0.028388401444067315 0.030825141507741367 0.030130992375021995 0.03182180440741457 0.025286067894663596 0.028187126485440108 0.02643665585130035 0.023762285356036136 0.02341646237059592 0.022620759913830744 0.02807575885449401 0.03171545697416788 0.02982519193643007 0.02508135867253444 0.025032334425466925 0.030645432661874177 0.02671782844176857 0.02363322614102343 0.024253972157550676
158 1896 0.02862213190000585 0 0 0.024800016273081784 0.027522969929124147 0.030105507129203672 0.029371175049931766 0.030996467920245737 0.024689257609963867 0.027326415314475005 0.025765013262266084 0.022952748487147605 0.02293261812782095 0.02174357066230352 0.027191691302048647 0.030936876832605608 0.029131742561427476 0.024413653402246972 0.024094013938913535 0.02978698696395024 0.02599288784317192 0.023129033773387153 0.023405773419678425
159 1908 0.028205864049947484 0 0 0.02431310103731492 0.027132192146352388 0.029697086400860568 0.028742324271742423 0.030542335032651847 0.024079967239143404 0.026937125560427357 0.02540014704953003 0.022646632967465923 0.023002759574467627 0.02141966355719051 0.02692287344627876 0.030539865762733327 0.028579606233636208 0.024013210559933752 0.023433053164433584 0.02934905533436925 0.025270686259983098 0.022956580708351604 0.02284327390698202
160 1920 0.027421747122901366 0 0 0.02373444932400737 0.026978233719250722 0.029025917530558634 0.02806820356414858 0.02979315021125887 0.023478099100616694 0.025993506397816807 0.0245532807326102 0.022115261397369048 0.022350617129226653 0.02082527072417218 0.026440458443920237 0.029624938765972744 0.027727701198057956 0.023133105472691342 0.022835477416634387 0.02844135353169697 0.024483217175838498 0.022464377451293965 0.022182992959566744
161 1932 0.02726203489242153 0 0 0.02359764114140482 0.026821116903388748 0.028934340910801524 0.027966652765258528 0.029562989378010954 0.02338274007922925 0.025877912705796247 0.024260072234807067 0.021752438348300245 0.022314254488901314 0.02057633368743304 0.026276322864293777 0.02959705228584683 0.027723019882336154 0.023106744247675958 0.02293535774301632 0.028421470608381568 0.024496681020984932 0.022357770198926253 0.022036287053646342
162 1944 0.026920814274947743 0 0 0.023308971889248666 0.02625586607989462 0.028572781244965477 0.027725601421615023 0.029213234298930996 0.023239668549291582 0.025202662787858165 0.02378376048651101 0.02135728545834195 0.022055323132026954 0.020224446013372616 0.02611043067055306 0.02934485518635525 0.027311613044893435 0.022939881975393688 0.022742405876345885 0.028092902132698085 0.0241470009136021 0.022195247308404914 0.021824290315089517
163 1956 0.0269772624764535 0 0 0.02318715522596771 0.02623628544203717 0.028740576007967977 0.027868658212382463 0.029202862766183144 0.02331650926653752 0.02518558012247757 0.02382196929685453 0.021344232339548637 0.02199255495921222 0.02016946044735438 0.026067685427979898 0.02921379685808538 0.027295460802074956 0.02328532100185957 0.02275594495957024 0.028255346076210722 0.02406935428961396 0.022390870365217683 0.02202720459416505
164 1968 0.026508918128588778 0 0 0.022848820573876074 0.02551339818908356 0.028077877630805787 0.027250892675951294 0.028583516589851456 0.02297046404302414 0.024759542080303027 0.023327644475159223 0.021047411355367716 0.021600736350059324 0.01989532092995462 0.02560026022062154 0.029017956374636077 0.026808034590050166 0.022898589046473985 0.022445716360884688 0.027744088854034534 0.023687361369714503 0.022118951454106577 0.02165209330631825
165 1980 0.026797475111621467 0 0 0.023043795432179222 0.025494606283554086 0.028300068552700765 0.027431801211738476 0.028926271478231173 0.023118342164747945 0.025051522435309562 0.023555308152700714 0.021734540181473836 0.02172345583734566 0.02010516086069956 0.02574159062015555 0.029326712280771907 0.02689327372897521 0.02299171246797921 0.02274552031025587 0.027998709916272173 0.023953466152506556 0.022294483232644217 0.0218613414918111
166 1992 0.027136139529262093 0 0 0.02340468678406088 0.02608323684489827 0.028569580365818477 0.027784012346713988 0.02941848161429006 0.023583205711020554 0.02536658089408548 0.023491940740201802 0.022169599480034705 0.021994045748072868 0.020292988669199437 0.026335865742937913 0.02945054081022986 0.02729654735110571 0.023417744172350242 0.023418795371909277 0.02837346649108171 0.02421755801491658 0.022540944529387368 0.022085688540603957
167 2004 0.02684446786333036 0 0 0.02300806274768842 0.02581146788112801 0.02841679564249852 0.027387421242287536 0.029005663380310538 0.023169318629628927 0.025268413021707292 0.02326186056840967 0.021996048993890693 0.02165512328937097 0.01997177413854051 0.026321853013431012 0.028974111266431384 0.026970129848846405 0.023090482303713092 0.023413811182120665 0.027714663039220214 0.024008915266875028 0.022125336342641373 0.021882872011621635
168 2016 0.027358883798853876 0 0 0.023628407099958674 0.026477923183329297 0.029047983441704773 0.02772055542552171 0.030098817181952463 0.023884529279714864 0.025713097741201823 0.023726414762090243 0.022312647498432907 0.022069745929762675 0.020287968255172265 0.02672261467155789 0.02935126876431438 0.027750738842098104 0.02368030610208554 0.02407704854042693 0.02823062314344472 0.024281183602175876 0.022766137722454796 0.022293629597636564
169 2028 0.028099114784421522 0 0 0.024556827688286462 0.027316719178425212 0.030264646356431876 0.028566921089254255 0.031116450329924134 0.024620002098790447 0.026212341595870815 0.02421310985779208 0.023027175260939226 0.02267133704112974 0.020825845330266848 0.02739172270391544 0.030079963241850697 0.0286966805274219 0.02440132955754038 0.024757127329991982 0.02904525884634936 0.02505032799591175 0.023369386073323943 0.02283766348555475
170 2040 0.0275326574664924 0 0 0.02419642571842457 0.02703463068809084 0.029800587823817257 0.028118894417491234 0.03047431512682965 0.02410141157625311 0.025562391702048437 0.023846869967719085 0.022674541614362772 0.02217327765662737 0.020391699070585682 0.026594976569517346 0.029523656867025818 0.02831692723267268 0.023827299282103476 0.0242582635464348 0.028090174123347193 0.0246844485729716 0.0227341900633809 0.022360698975972357
171 2052 0.02838378568363428 0 0 0.024982291440976797 0.027722305806989995 0.030756089560122584 0.029304761569260852 0.03139771496098789 0.025214714658497967 0.026133814714553116 0.024423089757733333 0.02331411151001061 0.02285782913861476 0.021101842118332086 0.027394832103570233 0.03041925869179204 0.029444615338909623 0.024777263936812895 0.025068015938109228 0.02889858777172086 0.025323534480687443 0.023278939011613823 0.02342910500564222
172 2064 0.02822007775210654 0 0 0.0248050403064414 0.02749941560850569 0.030611547390627124 0.02910045768133026 0.031045644222680396 0.025201564318695763 0.026053443540843123 0.02404253960709712 0.023198978795745666 0.02257736534418533 0.02086386255652565 0.027225337611257186 0.030010986718920007 0.02901250858225357 0.024532947169315034 0.02487359334613485 0.028668075656633218 0.024852161766754623 0.023162724748815183 0.023364553357496966
173 2076 0.02856253211226318 0 0 0.02492119174211727 0.027940501592648843 0.030682272944649515 0.02929259103730503 0.03157940232911327 0.025550304228066683 0.02629515661417464 0.02411016827426459 0.023163082917353077 0.02289872497673428 0.021230583043128318 0.027567893768304867 0.030141316896988984 0.029550519842394523 0.024709715291850533 0.02509847200470558 0.029043066539662987 0.02516789824850085 0.02347941664124618 0.023851757345124267
174 2088 0.028052337334157684 0 0 0.024504355620481994 0.02736181831947946 0.030292935912175956 0.028642297353684305 0.03148924723960909 0.025216802327089838 0.025504960938066583 0.023628516461991555 0.022699409389005984 0.02246867816489455 0.021054151713385004 0.027044248950490193 0.029509932979709903 0.028558009004417424 0.024196594450476443 0.02460066274250571 0.028447559801372934 0.02489452172095943 0.023037880897066244 0.02347336267951601
175 2100 0.027034167635649226 0 0 0.023611861804647426 0.026349974068641518 0.029124579930015583 0.027493358716135834 0.030431922543255274 0.024205155715652654 0.024111583461473123 0.022838655000256405 0.021963058406553153 0.021428634175567965 0.020272657400471784 0.02596735314884697 0.028587908551964105 0.027591762650280672 0.02329465804869327 0.023792403141807604 0.02724018178274038 0.024019438012697646 0.022225482916241823 0.022816203645461913
