% # columns="iteration, evaluation, void, void, void, xmean", seed=967197, Tue Jul 23 09:46:04 2019, <python>{}</python> # scaling_of_variables: 1, typical_x: 0
1 12 0 0 0 -0.027910543601049664 0.9462656976933823 0.08037261743675982 0.956524467498571 0.01490796006235851 1.044689632961509 -0.07103618958477927 0.9018276690669117 -0.02577023310306586 0.9962647510108852 -0.012806248537790034 0.9989352647476353 -0.04003400572460231 0.985636360579256 0.05045829008183786 1.0324140727790638 -0.032300555725653865 1.0389801433895336 0.07776471754800572 1.0546240969430014
2 24 0 0 0 -0.03359152823175844 0.9761675904574002 0.15281231261131786 0.9458786303740978 0.013859462363278107 1.0224368638818806 -0.07824806363451983 0.8332472562868117 0.0015243025147937232 0.967621666274801 0.07964294760692855 1.050719035673019 -0.06659159787577802 0.9676569545698587 0.03036284968116798 1.073908119548233 0.04115547551408884 1.0371153961815405 0.07770304514157973 0.9772819217491199
3 36 0 0 0 -0.03005404444991897 0.9893708750158378 0.07582150999332199 0.9958559987809561 0.015779325579111287 1.0148394180240206 -0.024044621068330066 0.8299007323458034 0.06280234667223085 0.9353420057386385 0.04002736149550318 1.1062238306917411 -0.08828985555401087 0.9770875006273646 -0.0029265769954332846 1.0563782520614942 -0.01858112677575907 1.0428160614517554 0.1028239993046675 0.931854653082543
4 48 0 0 0 -0.0888894757782211 1.0415195718302737 0.13126220691307927 1.0130337166605505 -0.03086602329037187 1.0295830680087066 -0.0496115911802515 0.8597370786953604 0.018898185938344136 0.9171397168492522 0.0527069742119908 1.1170805932763734 -0.14694034333654304 1.009053229932342 0.016592559501815388 1.0198262455149045 0.08362495015618465 1.0326259689800723 0.10962607617357223 0.9341492119450551
5 60 0 0 0 -0.021518399338402217 1.0179175035857204 0.12881705580136088 1.0043192423756144 -0.09067669496479339 1.011573247934359 -0.03807127057647461 0.8416466879272562 0.035487685416287884 0.9629226177996816 0.0710283833817871 1.1002676656815598 -0.17125949553686248 1.0196087755080285 0.004918697894725661 0.9625518759982709 0.07188976920705113 1.0516459069832327 0.06043156560602025 0.9706132933111095
6 72 0 0 0 0.05720404106678961 1.0819422792577984 0.12067730700875781 1.0492185345443101 -0.03555389769383472 0.975167146220656 -0.00565030790929015 0.8308226765584081 0.05295769649917536 0.9968003696952883 0.08370813817972882 1.1006205568007346 -0.11602756399670362 1.0240787723670892 0.016416954684963944 0.9700711447030572 0.09170156055249254 1.0375321164911675 0.009695642263186817 0.9321211717071682
7 84 0 0 0 0.016776411807291697 1.1007081257568512 0.12612019294634016 1.0323970145474437 0.043375243170388954 0.9105635381537135 -0.0040787786696462915 0.8375697541778773 0.06967266475183384 0.9733125116168573 0.06132252531920755 1.037261943539889 -0.09282473657310347 1.0032322600550425 -0.04103279939453173 1.0001580317935381 0.07789743453476486 1.01648506538751 -0.0264446776614961 0.9223710805963139
8 96 0 0 0 0.005441353070011369 1.0775980819227604 0.09743730830170191 1.0284692153657649 0.05865401403726355 0.8930490593721919 0.05106780865907813 0.9307699800002052 0.08264946673017931 0.9482160690244914 0.04707198546848104 0.9495803283953838 -0.0553445005008421 0.9633172958922235 -0.06813571535643016 1.0104143756822048 0.015661329735806313 1.021109008636435 -0.06358431174679482 0.9655721432718154
9 108 0 0 0 0.04360204192431834 1.0723490667169535 0.08767089932747257 1.0805271718276535 0.09109916730920382 0.8688531853357194 0.10348272960288864 0.9197833382878624 0.05541463758719989 0.9719062108603219 0.014684962637129421 0.9622638079386596 -0.08078381253819869 0.9161839380145971 -0.07208533706240992 1.0241910926646118 0.047177851483784984 1.0072235863868204 -0.011503927258419741 1.0275949798077517
10 120 0 0 0 0.002216244746253669 1.0306369912641657 0.08576298978795995 1.0693713253318258 0.10394018294515062 0.803851029643142 0.06749210849763107 0.975874420921936 0.08769083960981489 0.9769595985403008 -0.031244819485497455 0.9819049850840254 -0.045984302131376095 0.9165853325617678 -0.13696928809536535 1.020261019829957 0.020027155127415715 1.0190463185300356 0.0007154578672513325 0.9626407005076116
11 132 0 0 0 -0.005948970905183955 1.1481903042887107 0.12075922404799701 1.076441213180456 0.1271050778714706 0.790487988117894 0.029318134457386798 0.9582654841845568 0.12388482224420953 0.9619724691335985 -0.015328890581864561 0.9640785364382023 -0.06880483996656424 0.8830801840265913 -0.10184623758366312 1.0063488092533726 0.00352353010580949 1.0082653339277747 0.04531360009261802 0.900568792868772
12 144 0 0 0 -0.015346218447198124 1.1440800577785843 0.1336393564124111 1.0347488645873562 0.15643048164459586 0.7893278386605169 0.005369124536232613 0.9994841928719363 0.11949211290504061 0.9839850258679509 0.026079595801597577 1.00335683804907 -0.08504912578946694 0.918223466667432 -0.0787064203759495 1.0244457317660227 -0.05352782223344762 1.0416525699299684 0.030264265245278973 0.9729213709129546
13 156 0 0 0 -0.006365252532270858 1.1396319840433087 0.10969895423484559 1.0079989223244354 0.11415012547338683 0.7896524179321198 0.01238074276132906 0.9860262054225285 0.06595474326434263 0.9909805151105279 0.013666078438315384 0.9938529135447947 -0.05506503234298266 0.9307660672504876 -0.08185807830433382 1.0548955210265352 -0.10833645418441497 1.0326787739401688 0.01266263962529712 1.05935675557937
14 168 0 0 0 -0.056184212996824315 1.1492567970828187 0.10168055174875142 1.0112977470497544 0.09930472176496653 0.8224074889004995 0.02069832152738698 1.0365856861763774 0.01829965485832935 1.0041054290686162 0.0003036519065884209 0.9664131941896752 -0.08120388234739527 0.9483349404691388 -0.05962890227801042 1.0147230536631933 -0.10003927399905643 1.0456898581693181 -0.00034790562148046683 1.0303170173800227
15 180 0 0 0 -0.022262794305478464 1.1545808270754643 0.0969842251616344 0.9423168743699633 0.0631884352109553 0.8218061298025241 0.0010121956451975833 1.050349952011564 -0.00250109906514151 0.9763525049939571 -0.01203732481855082 0.9442518712477233 -0.12148464630043927 0.8528251144743911 -0.013721640450045043 1.0351978690562467 -0.11875225640680534 1.029684409017198 0.020022704069629017 0.9902218304071643
16 192 0 0 0 -0.07035183048373032 1.1661502850333423 0.0965174433775876 0.9564560880871164 0.08647667998307353 0.8435994978160477 -0.049702971811016385 0.9961789733814477 0.004989931495488007 0.9558916992810993 0.015030926655359989 1.031690100685214 -0.038296876095654145 0.8437669576283907 -0.0012576452738136071 1.0303407182777353 -0.0714861272607075 1.0215255531835294 0.021713778731001967 0.9880576248776772
17 204 0 0 0 -0.021527125707459467 1.1298089979974801 0.10354065376558484 0.9564949262887142 0.06013040215690046 0.8394356146849442 -0.07279562835288829 1.0233872618637685 0.025268592483364542 0.9231966286309297 -0.01093453685927439 0.9983230943443824 -0.02823039687891949 0.8384021802894549 0.012209850935977349 1.0223426869790826 -0.13980233062211478 1.0704864068941498 0.003952090568793858 1.0040629042768785
18 216 0 0 0 -0.03276192824205043 1.1055664574380608 0.11258010009921196 0.9343729895845109 0.033504305396679424 0.8152668197825846 -0.08090963826296499 1.019183476713399 0.0030035104862468874 0.8790104485807493 0.02340674962077085 0.9929372584805428 -0.018728744406057443 0.8218806112632066 -0.011990978375295846 1.0167577333188293 -0.18001837141733026 1.0099532637144009 -0.027032479427395995 1.0317735609970546
19 228 0 0 0 -0.0002438498698869515 1.0691685641488682 0.10716076257222884 0.9540594531970871 0.034735224981063205 0.8432788855784953 -0.06041551838249148 1.0035589740623416 -0.02331673350023543 0.887323265757079 0.026436534346734177 0.9908758658677902 -0.053348781600617824 0.8335719795632371 -0.06879047666515942 0.9736860677582622 -0.10306767049370529 0.9647892856617069 -0.0044920686396536826 1.0121864872409636
20 240 0 0 0 0.0025740192230966586 1.1030927592433646 0.07192078053898868 0.9622529914619379 0.07942925558239573 0.7885270003452689 -0.03713604331286148 0.989188177411819 6.53556984477055e-05 0.8908048562221019 0.042887034802947935 0.9840803602216741 -0.0073163674824799005 0.8346662319519279 -0.07597775589242822 1.0126048357520103 -0.0758263918622242 0.9503536761104611 -0.01856495543360373 1.0479394295601252
21 252 0 0 0 -0.01587608496541984 1.118069729016407 0.08694024119489994 0.9346763927322512 0.016409527987174086 0.833733593981556 -0.01762393542114847 0.995165073196374 -0.028446891528963188 0.8975060791627307 0.032445080947708725 1.0164570743052304 0.027794384711301544 0.8907192107101379 -0.054788542769055724 0.9954147272757344 -0.04593300057635992 0.9722229060325461 0.011706226417675741 1.0488268279563961
22 264 0 0 0 -0.0021056765873406665 1.1268907403005146 0.03880173948133282 0.9474644905119088 0.01702573794023851 0.8405652558018156 0.0031371132842414155 1.0339574466301371 -0.020064438960575418 0.8864583298914998 0.01901013957150937 1.0158387490803995 0.030854280210204452 0.8918225836208444 -0.06724954748378972 0.9699633082878327 -0.0791880236970137 0.9688723393903739 0.01832876625039733 1.019677700732412
23 276 0 0 0 -0.03192707259026604 1.140666427627147 0.024483093218091858 0.9122975150740847 0.0062948867429303244 0.8018786881747038 -0.015101273834552748 1.0074098532988327 -0.028921212069790272 0.8759187275447604 0.018906724209158864 0.979177429677444 0.03952202206830417 0.9071562344713402 -0.09275814663856505 0.9906812191410819 -0.0658073695861957 0.9260360731134039 0.016154035573509033 1.047353214464557
24 288 0 0 0 -0.052102324723072656 1.0795432854836087 0.031086066744874023 0.9134543511003265 -0.013707222832960383 0.8146636811231008 -0.007922221112822156 0.9682563571153918 -0.03941404440843742 0.8500156860926804 -0.009248385659200532 0.9357554885424136 0.030627676832852755 0.9442045042113594 -0.0565480709025941 0.9731089189796577 -0.017237996040749028 0.9009109240490693 -0.0014088160860029689 1.0387395799198806
25 300 0 0 0 -0.07132273256663789 1.0408854920216861 0.019179875695234994 0.879605002562414 -0.023696074985131394 0.8177102268462288 -0.04610448215705996 0.95769074455449 -0.041948139218343096 0.8581226377419204 -0.01187029169332194 0.9339414064580037 0.03233003171691364 0.9612655863733235 -0.04393687528344036 0.9187822849140447 -0.04539136020065643 0.9363323844711662 -0.0070074255771876166 1.0310972633910327
26 312 0 0 0 -0.0669089128405532 1.017073091186384 0.03430399324817706 0.8922291270583318 -0.05889287011111306 0.8281910718252414 -0.013770446880622261 0.9407290561377931 -0.06460515943917884 0.9057595558406438 -0.021539421042251164 0.9562524445245918 0.01271732785873966 0.9691127277971107 -0.07840799145355164 0.8960415829556986 -0.03107114236895959 0.9396965654274121 0.004353631728090555 1.024537290861599
27 324 0 0 0 -0.05213194886295149 0.9933357558343191 0.010881579099914933 0.8837488629499817 -0.057262857076896566 0.8318098694069077 -0.0025523021848808496 0.9319873501054841 -0.06578817500022087 0.9067334801491264 0.01781552841571634 0.9574813398236861 -0.001964410511621044 0.9589211563612766 -0.06040196990403267 0.9025615880651219 -0.04119124102992654 0.9488659760438755 0.02780495542646643 1.0076632309815776
28 336 0 0 0 -0.04428525096739642 0.9816092803404276 0.0003589200746449174 0.9015144216972067 -0.06048430252944252 0.8310145119766567 0.01823866919516706 0.9010707600389396 -0.0691803626761728 0.9141901681856901 0.02581311742204613 0.9852958117839933 -0.01983382075417513 0.9905306535928122 -0.012914681362128116 0.8996507491890525 -0.06945285334206244 0.9474499441011319 0.007361663520143186 1.0016213040489108
29 348 0 0 0 -0.09367295405041552 0.98906566948095 0.012706432602550015 0.9106116011642246 -0.06362437911288402 0.8156036089572662 0.0196737011620885 0.8787898369309266 -0.0866261130299999 0.9088515693262726 -0.0037692003113090553 0.9961922419321624 -0.056146408342704124 0.9672675021890158 0.004970514114224528 0.9091472221890898 -0.058411202299023766 0.9637265321346412 -0.004283208557958168 0.9793008731264579
30 360 0 0 0 -0.08335916121627254 1.0061679505481913 0.01181091577626372 0.9323418844859468 -0.04484455076614642 0.827971102601954 0.014095077306644868 0.8577002057941376 -0.022860590974431855 0.9197315740195064 0.0018583741998673868 1.0424351612697897 -0.09141818494025038 0.9939035608727707 0.003476147265072705 0.9152739419865272 -0.05553697210454346 0.956802340141827 0.01883291502194654 0.9741518833838659
31 372 0 0 0 -0.04979681793857161 1.036669250890224 -0.021513194454497765 0.9385390888401837 0.0007411083421760001 0.8006284624984693 0.0071912250913684 0.8839451054415028 -0.0001079598059884751 0.9323496921933907 -0.021966697932487098 1.0138674110579227 -0.1017657887521689 0.9792942951636996 -0.03891613560307491 0.9321190744884611 -0.06438192435513958 0.9386517645160943 -0.026725413002608146 0.9687638837605601
32 384 0 0 0 -0.026834931709101242 1.0381808710217588 -0.041225973384848305 0.9138935318733468 0.006678914109280361 0.8264793316199591 -0.0013017234779586027 0.9095161919459873 0.031810357915551736 0.9100972009505754 -0.039429535968444424 0.9629448180411228 -0.1080778055558851 0.9945116050673971 -0.04830779681231923 0.9344443623559668 -0.08874321295503379 0.9409975584503885 -0.04072385773984629 0.968060021476962
33 396 0 0 0 -0.021426546499429894 1.0648770469640803 -0.059499579377193426 0.933775192365564 -0.0007533740692220441 0.7960930219164019 0.0016452932902122773 0.8858120285504554 0.014277546508911027 0.88711619667962 -0.029783446545301073 0.9750727643752681 -0.12184492815275791 0.9725181054022172 -0.010708034184564307 0.9389488104767157 -0.06654019106261143 0.942634693583652 -0.023823381047927184 0.9625636527978731
34 408 0 0 0 0.024079737021191507 1.0661230947787812 -0.07332401556816567 0.9812975083550034 0.024376122139450257 0.8319868286224389 0.0008043267450125515 0.9190727753984159 0.032333302808595095 0.9012430944502139 -0.018686193691894434 0.9942644966958906 -0.12482104308468771 0.9678984903617311 -0.03857563920134736 0.9593330580937208 -0.04634285109510325 0.9631570456849572 -0.04746392281328958 0.9560223202303804
35 420 0 0 0 0.02863422856674885 1.0732551484725585 -0.08492985190241524 0.9323861741070761 0.030058198579505313 0.7958566899445576 -0.007729435903875015 0.900063909173028 0.02650353076131162 0.9099743949300353 0.0006180459981246153 0.9898673331173126 -0.09805845267267588 0.9580428626747064 -0.03612543866163786 0.9573185101241102 -0.02973362606523836 0.9488935959745849 -0.0053390903585651475 0.9928484021127809
36 432 0 0 0 0.01325963067148277 1.0763112794192233 -0.07380494803268658 0.910664001361703 0.015266350407639347 0.7762052689550929 0.013919119564077917 0.8826955785936808 -0.02014882086467377 0.8860124498203885 -0.02041773680916407 1.0149133340985297 -0.07567373889362666 0.9500876294684536 -0.041428799916424404 0.9574255766713989 -0.010450050417353293 0.9339721446888568 -0.013049197986789907 0.9930778506655875
37 444 0 0 0 0.01867164197636027 1.052016196118005 -0.09711446452810617 0.9036660490744088 0.010088955391708104 0.7753980662414348 0.029353233208279 0.8673551112423216 -0.016597862227755066 0.9250748149716667 -0.02216176814621578 1.038882566014235 -0.08023785439354825 0.9673770274298403 -0.037644165391736505 0.9590003148031012 0.012701450003802309 0.9146082454334018 -0.022793064331620143 0.9629954314697798
38 456 0 0 0 0.017565391442810527 1.056190655716069 -0.0798487954669674 0.9031723418719934 0.009300346120001557 0.8020217666570515 0.03892265913944422 0.90471912642925 -0.03967143616511394 0.9503813995076522 -0.021477541506472193 1.021705533044781 -0.084420871680857 0.9629610179713147 -0.06255340535177177 0.9638630583600137 0.022746423974615508 0.9543507060806238 -0.02794625545872007 0.9717599993460849
39 468 0 0 0 0.032835746053029136 1.0622247732878982 -0.055404506442299106 0.901203700717829 0.042285962912350865 0.8198050556514862 0.04646113562008089 0.90317458467112 -0.04618434002027052 0.9554924462158492 -0.061979459838384675 1.0337417873578467 -0.06461717781953666 0.9554435812255211 -0.0397724946297359 0.9759001670817171 0.027194680518880642 0.9678221857664572 -0.004503049670651332 0.9606984820615851
40 480 0 0 0 0.029530845196767446 1.0770764025803252 -0.03542699452550866 0.8830382119768563 0.07349461844312784 0.8054759543827112 0.05132845674009049 0.9215266889209541 -0.06783263342057125 0.9560316149005833 -0.039389303876437944 1.011317680330455 -0.08306563692726456 0.9386788553885643 -0.055639206633042164 0.975222701361359 0.0054833991107453295 0.9468033058464079 -0.04203064241613577 0.9579605776686366
41 492 0 0 0 0.03212190755633478 1.085762907215835 -0.023799086925828005 0.885112115508252 0.07360095342394997 0.806123783483582 0.03828811945229965 0.9261294343847101 -0.05856885821039251 0.9735675409981568 -0.027689761296541184 1.0125666329757326 -0.09125058708905955 0.948142779923167 -0.07002468025949196 0.9754461737656711 0.05779549139633527 0.9439355163352344 -0.040881533790591 0.9260273686085679
42 504 0 0 0 0.0027581517249003797 1.0630576655436157 -0.057542559026428436 0.8721873987440469 0.02596359434267695 0.8115149373777744 0.039156830762904084 0.9062888959522227 -0.06791559290262589 0.9535004789746637 -0.016456353178570627 0.9854145393228027 -0.08026751298712832 0.9756787906246968 -0.07567590270905045 0.9413166273210378 0.054937083926362436 0.9543570948737246 -0.04316102522014821 0.9326850828455626
43 516 0 0 0 -0.013363028370580916 1.091399615824156 -0.04928198292006518 0.9018749621215969 0.04898894426459012 0.8122123641144275 0.04206330591902624 0.9066350469212149 -0.07222531489192349 1.0018104197430358 0.009945165252252124 0.9893654431105644 -0.10431190671890267 0.9722955456174115 -0.06328544380805487 0.9395999952259966 0.05917511574858519 0.9449960777816427 -0.03510610777400338 0.9278477820429704
44 528 0 0 0 -0.03745981477196689 1.076495949355659 -0.03272202563159302 0.9049811680154269 0.09263051091192316 0.7916110893550877 0.026826760194301705 0.8838864230156681 -0.07484354220333028 1.0003248134020297 -0.010998801211836207 0.987994657959316 -0.11671202644868732 0.9900681229756406 -0.05734155119835418 0.964679735149436 0.059107567836390186 0.9424347290110883 -0.056203395705275244 0.9219278197773105
45 540 0 0 0 -0.02241157054922095 1.0602079909681432 -0.006416547348720245 0.9014161099477892 0.10068950269590106 0.8122789286763116 0.005643369387717843 0.8772528770277909 -0.03821403461422683 0.9733039054978309 -0.011942997704764306 1.0070205662052722 -0.12288020102602189 0.9623281849249636 -0.07998519249228733 0.9784240042687627 0.03511865333594755 0.9577720870017369 -0.04600716569008476 0.908702140171895
46 552 0 0 0 -0.021601766723713205 1.0526001695831462 -0.002670092714419533 0.9091330072392612 0.062493576496220345 0.7919140685408521 -0.0253511907731021 0.8732205818626748 -0.03203406552059948 0.9855286853987083 0.005559002777030423 1.00157214411946 -0.11368083360232388 0.9462061226578742 -0.05464661278902242 0.9672639181509071 0.007672148643297287 0.9553188456967698 -0.01847595939261301 0.9028465230680495
47 564 0 0 0 -0.019880060713345492 1.0571773437535712 0.02306455815220263 0.9122247501951557 0.058486930413433766 0.8386959725630908 -0.04740580797364595 0.8753629877756632 -0.02829406322079419 0.9642964994427 0.012974674979498566 1.0217224571442822 -0.13365365508836483 0.9781505815858341 -0.027337638312985364 0.9535716777459817 -0.009750812509907655 0.9595100391102643 -0.0032057109929760526 0.8829644920286799
48 576 0 0 0 0.0007128058878186072 1.0605224242731144 0.03063022200090334 0.9193712318099825 0.06258298217843515 0.852425708818512 -0.035919018294858496 0.915054664869613 -0.01772516912199241 0.9743914427268101 0.02263317903225724 1.0392897105439165 -0.11727967001035858 0.956272027341547 -0.032935205685827265 0.9724365831589116 -0.012598129571546306 0.9576530865968687 -0.04356828439265138 0.9233914525794363
49 588 0 0 0 0.0047889687806803765 1.0624538459465707 0.052839180995255274 0.9216709995136795 0.08049424583447676 0.873972398052363 -0.057609979066568395 0.923746306477809 -0.01714871790140527 0.9787559697002615 0.015936486783552813 1.035182763836807 -0.101786218196261 0.9608038669127567 -0.029432182148362997 0.9825744220546005 -0.027409330532083834 0.9824175555576921 -0.05932341170225379 0.9325498967679309
50 600 0 0 0 -0.015081381604980057 1.08017439428102 0.06920297410398554 0.9154711141923422 0.07127318987053174 0.8597917343161301 -0.06255180478304775 0.932361252256853 -0.021834530506565253 0.9604429812724494 -0.0025298444806416687 1.0376319723764944 -0.06460193997910084 0.9688781617214636 -0.02041724178903709 0.9644737417940349 -0.040806356742841894 0.9650793928041166 -0.06142618170131395 0.9288083613516057
51 612 0 0 0 -0.034949220493973907 1.0953496446582587 0.10691423696294212 0.9148221665113974 0.08253928649769085 0.8502197299144215 -0.04914926721767267 0.9541864000066564 -0.02918997072035989 0.9592256998914208 -0.026061342143488455 1.0475255604307236 -0.04811309153104326 0.9667365863673338 0.005983912011412063 0.9490137346104686 -0.06158992506225627 0.9839006366662796 -0.043502381899553196 0.9312263193409428
52 624 0 0 0 -0.018746402259619935 1.0461811154965335 0.09039164703774223 0.9328891674474831 0.05283539416973899 0.8465587682030218 -0.04296725403159313 0.9584537226478116 -0.03505840105809334 0.9313697481263634 -0.021960327394039657 1.0523589214358122 -0.02734774881759246 0.9623715132722248 0.03235634154060566 0.9700859930249623 -0.049152463262097386 0.9728183904643691 -0.048087417483592756 0.9646649272457883
53 636 0 0 0 -0.019143881329501622 1.0373860732283497 0.10778294067414383 0.9034540415507274 0.031033466172601644 0.8489553841857405 -0.04307899278743905 0.9565109481059114 -0.05859653851791896 0.9369514849864836 -0.04330760366904449 1.0452155099806455 0.007156347261871501 0.9440842173126932 0.02238930629333895 1.012172396037998 -0.06806975990909579 0.9725294759660975 -0.02646723574456955 0.9757598667907388
54 648 0 0 0 -0.01620011670497761 1.0086334543369495 0.11295679487887551 0.9226080063178872 0.02862771205588464 0.84279679606632 -0.048028863565433594 0.9640054346207886 -0.0312554410329321 0.9311268493175393 -0.07770011600806988 1.0644945888954933 -0.01977694972796936 0.96809199307964 0.013347582930302332 0.9998167598801815 -0.03683071699642678 0.963841136522708 -0.03322267920049064 0.9747998715521293
55 660 0 0 0 -0.017408985981877304 0.9986813904796278 0.11473234678543325 0.9232741451729147 0.011710904748351077 0.8600518403411883 -0.008913884638386577 0.9692430220063052 -0.04053336410447426 0.9250012130475578 -0.06773720059004466 1.071171042039863 -0.03430146198389027 0.9575385857719887 0.015021155892185438 0.9974011336861092 -0.018718741858415967 0.953017700754388 -0.04114920732797029 0.9810002269941411
56 672 0 0 0 0.0028150150255766768 1.0069816032333478 0.08078346514791564 0.9275420287829915 0.028984014909653542 0.8332503355596931 -0.00616116759351668 0.9517287159195235 -0.022759916219141235 0.9315367601558429 -0.07443715323119603 1.0550156690220878 -0.035558424441255516 0.9718768939479143 0.010286781214424551 1.0209453337878862 -0.035614910700952206 0.942436858470214 -0.038115332915264324 1.0063662149905839
57 684 0 0 0 -0.012261789435406484 1.0271614839975536 0.063318548982161 0.9269644011971232 0.009701111508565362 0.8298173576586596 -0.008702366991093318 0.9440723582373337 -0.009034920701395775 0.9465594806916824 -0.06067264462931279 1.0589087296964803 -0.044339368950521985 0.9807514675157054 0.005601867798185658 1.0260355227649371 -0.04750022304005753 0.966174353010951 -0.023317187856649678 0.9890859695337394
58 696 0 0 0 0.018254978455415096 1.0493747103210167 0.04540708421789126 0.9265669696963001 0.03388602122079856 0.8464686177481221 0.01401514241329399 0.9617439817071933 -0.00810547361254901 0.9535945493312971 -0.08444580015430474 1.0818617854826724 -0.04336526597314006 0.9678831891790014 0.016099790753160027 1.0131120572920371 -0.06732463595914753 0.96774303578278 -0.021321286988267175 0.9884515270511004
59 708 0 0 0 0.021497927014712682 1.0497901610452034 0.06397952558159165 0.925498572759543 0.001337197307543496 0.8329646836343404 0.009149407549659387 0.9640987268464251 -0.01582544293795658 0.9789955803887115 -0.07357660701342261 1.0724844974643948 -0.013495358156624383 0.9469304609692376 -0.010224524932104892 0.9872532978122064 -0.08286175514733914 0.9948245353879763 -0.006462075864714076 1.0028073318864066
60 720 0 0 0 -0.0028575829860110757 1.0300998547526106 0.03801487895221023 0.9302343260037118 -0.009918605457754236 0.8300783041125547 -0.022620146976309992 0.9493373261284859 0.00138108855190772 0.9708735411208601 -0.04670783026087903 1.0696947142202256 -0.005489584097530694 0.9566607617668883 -0.01760746103271964 0.950647803520478 -0.07841093714973703 1.009143751936463 0.0003464047353013847 0.9973017290790163
61 732 0 0 0 0.0014727999933266374 1.0512188915914298 0.034263458203577714 0.922206168379576 -0.009476703000685227 0.8120032879801209 -0.01336885515790016 0.9433405269403191 -0.003945198650295229 0.9789531930230553 -0.053208003716626706 1.0351517659517415 -0.006628646740779348 0.9384267513934519 -0.007747910627879818 0.9558091579606589 -0.08939020705466354 0.9862229465728493 -0.01527578850157187 1.0119989620950671
62 744 0 0 0 0.007936910410637864 1.0591364040753046 0.03336614042103034 0.8930409300039401 -0.029305245277468327 0.8034102582924364 -0.00821452960170673 0.9445354504892283 -0.014294759928679079 0.9734128726935227 -0.06503719643726452 1.0165795545144845 0.03298472073591791 0.9198909418771662 -0.01238086135744955 0.9600487357793723 -0.09546780909344074 0.9921602486119301 -0.018395318109104775 1.0173556637103076
63 756 0 0 0 0.018976756738937388 1.0577391059637864 0.012473075091559607 0.8805397674820765 -0.04858176845208522 0.8180976045343092 -0.013449051092616994 0.9485357700650411 -0.01463848545479697 0.9685574760323232 -0.07017852046983955 1.0058117558768473 0.04275049312408871 0.9229680527756953 0.0009489726423074288 0.9637690652469507 -0.08599303489943903 0.9639377405815359 -0.025658335626254317 1.0344002115391009
64 768 0 0 0 0.0025584740027697235 1.0844689880255547 0.013172008820188071 0.8779793941252801 -0.037119570971446546 0.8161383923908649 0.0037887431282188737 0.9406470248967431 -0.022237969396221895 0.9877986404288472 -0.06727254116120128 0.9964571496536663 0.052071098893734576 0.9217268455893339 -0.026237043680779493 0.9662211341320787 -0.08487760679442245 0.9614658761363075 -0.00154812820740121 1.0249604483049803
65 780 0 0 0 0.01059785097031088 1.1326028887310071 0.02807387076838691 0.8657633859025915 -0.0017441674982601255 0.8091582468622216 0.007165157885632986 0.9532804498766506 -0.011076451838473288 0.9822703702463322 -0.06190889826354146 1.0198507282759304 0.055566541890496694 0.9072082470268125 -0.004502959489334515 0.9603468493607993 -0.1032034092347146 0.9755969302503521 -0.020923771982554917 1.008063485036488
66 792 0 0 0 -0.005588203975709714 1.1494958291760986 0.03079014613456569 0.8739850453875861 -0.0016500191772649854 0.8106919930065896 -0.009587723854232195 0.9683304499526662 -0.022934701473651363 0.9902469217664159 -0.0711111049467263 1.019723887080114 0.06695841490521778 0.9258160083845576 -0.00942623952041909 0.9516587129364049 -0.10645590821061131 0.9813491213087804 -0.00966202195570139 1.0129034000225448
67 804 0 0 0 0.0008673908757143717 1.1253821798340304 0.024972495522480494 0.9123001672064155 -0.0021191266787720575 0.8011435571662985 -0.021258690452119935 0.9763572199125675 -0.010087861834554542 0.993607081966394 -0.05355762684573154 1.0419106045117266 0.03389323420080488 0.8981901875614324 -0.0012555127487699543 0.9531453009746615 -0.10736961085038073 0.9692833116994761 -0.03430001569354765 1.003174376571954
68 816 0 0 0 -0.004862073020865594 1.100989783697479 0.017440355906304293 0.89898875396219 -0.02311384728121178 0.8138103582229796 -0.023199886184367895 0.9742028447963376 -0.021426195206454675 0.9895209746645507 -0.0557176728981657 1.0306081413184305 0.041058705407113635 0.9049567404715753 0.008693805749203138 0.9473294302463753 -0.11608588536287383 0.9594450591956998 -0.017689609332620745 0.9961563570063071
69 828 0 0 0 -0.019329700016857444 1.074477355161993 0.005682623314306497 0.8961735381349261 -0.037641117122815766 0.8339766440963822 -0.03100925609712598 0.9763389137931002 -0.030900252919820934 0.9999456366469659 -0.07074804952752183 1.0236764535177283 0.04245908558323202 0.9106625143532824 0.021137659961865108 0.9462237274808303 -0.105732031365486 0.9850868648624234 -0.014213802096421058 0.9996891082642939
70 840 0 0 0 -0.014955542699113157 1.0756465942308586 -0.019906962270243453 0.888414371912985 -0.05013460867697718 0.8445781792263204 -0.04030428325618792 0.9714469228191162 -0.020994067806648073 0.998860213780406 -0.05714918366574935 1.031339833981296 0.02786943300315495 0.9316238386633565 0.025684212582637873 0.9513870945459334 -0.08553046383922762 0.9976517809176577 -0.0023368685655614004 0.98457255608532
71 852 0 0 0 -2.383034223550108e-05 1.0778814348704797 -0.03644789798009516 0.889456911716835 -0.05017015678054863 0.8327270270164 -0.048205274710071896 0.9932936200668 -0.022449999948820378 0.975578975862584 -0.04801635832988102 1.0149482035310764 0.024851849616524663 0.9270343383022636 0.024290709718366936 0.9543674193483962 -0.10088902250195379 0.9876947617686859 -0.016917727647001352 0.9880932728135318
72 864 0 0 0 0.006390248868238691 1.0997377459895545 -0.04399687422574071 0.8850776484193037 -0.03578257960338294 0.8160664095518789 -0.045217435465271974 0.9855238261478506 -0.013649389760181619 0.983804195558111 -0.054704355432792395 1.0301245297144448 0.00951282433873197 0.9042166616061806 0.014683363178829218 0.9525748263029532 -0.07361325878659919 0.967913049944022 -0.019077103858094236 0.9986594515485856
73 876 0 0 0 0.009122095412455403 1.1042027530703744 -0.05880201263630507 0.8848062867486468 -0.028609670591532157 0.819256327984072 -0.05261693731164247 1.001109343331552 -0.03329326164393526 0.9707805541882524 -0.05375135570211314 1.0386915467583813 0.008096387696594048 0.8985405939528279 0.021272579591751946 0.9554141676173853 -0.07771355742836106 0.9616084973220165 -0.02564731864553506 1.0086888499359385
74 888 0 0 0 0.024459472605598682 1.113581533884134 -0.052882214057392636 0.9005708627331954 -0.03154850320208824 0.8296030226101536 -0.04191641561134838 1.0043585805777848 -0.016899380452910635 0.9771124364147672 -0.0450456560100321 1.0391133881544314 0.005574794369953817 0.9030672813817693 0.009449905678846451 0.9688139479280209 -0.06416787046551556 0.9755187918512938 -0.0411500044327467 0.9956300344531084
75 900 0 0 0 0.005358396747783895 1.1058454923803254 -0.051384206813806614 0.9129055059022603 -0.02231073338309631 0.8209123107786391 -0.053403161161459795 0.9934060025648074 0.004367244126996579 0.9659778071897116 -0.04695044906213712 1.0517611391568844 -0.005657465511908459 0.899314992456571 0.008620686694373542 0.9853258686742175 -0.05282271760818737 0.9851700281652777 -0.04547970799803197 0.9832344038755494
76 912 0 0 0 0.0025579658591591762 1.086658336883031 -0.040809131915256466 0.903206962646948 -0.03077913648754552 0.8463735819164643 -0.039260226852183853 0.9944764526143853 -0.006657031579237579 0.9608857904260745 -0.03179719180194629 1.0478670324229367 -0.019328335955278494 0.9319507198556556 0.02056581487811364 0.9632785459755185 -0.036239516800987616 1.0045372668237544 -0.03409360591875332 0.9685242246033409
77 924 0 0 0 0.01353784020705444 1.0875539001566814 -0.04172764485670871 0.8924651234095499 -0.03740920393061117 0.8578231140410896 -0.03872560494725477 0.9843415758744711 -0.0052251226597639635 0.958775005327074 -0.04083882691008246 1.0343229465038823 -0.02721007913064823 0.9547867576770342 0.01784635431890239 0.9652293882720714 -0.02752218327926216 0.9977096661405537 -0.026854054657506992 0.9701053137282982
78 936 0 0 0 0.019977414754086424 1.1076100156132762 -0.06124997525130391 0.8777919675273405 -0.035930344116126486 0.8626604089710607 -0.029604341000452235 1.0144223423169674 -0.013590958218771116 0.9620371193806493 -0.05302650499325238 1.0217615702259208 0.0008060310500016855 0.9503681523562578 0.018368551373086264 0.9724451268448864 -0.05081664991129963 0.9936065715468816 -0.02715468175970897 0.9893534318184223
79 948 0 0 0 0.027361433131073937 1.1180749218437007 -0.06300321395019172 0.8637404691703933 -0.025015250913399824 0.8674554030350996 -0.024980531704019728 1.0248581375948496 -0.02275502170634672 0.9488551243927138 -0.051002705228849 1.0209830044681634 0.018965611365818296 0.9551982577022804 0.015003758740302856 0.9781858992830406 -0.03805848406328188 0.9943824051310836 -0.03679231250099666 0.9852034236343992
80 960 0 0 0 0.028589673438643343 1.1300147296284166 -0.061823390748133665 0.858847319874321 -0.009018576576663412 0.8677846831039145 -0.020158114680719763 1.0290030366702736 -0.022279734708861364 0.9504026465334926 -0.051115591603689656 1.0186461670192084 0.03142042652848741 0.9424478346414121 0.023173447349123258 0.973768609290549 -0.04530316865031838 1.0123516189769408 -0.027505749328189315 0.986159953497771
81 972 0 0 0 0.02398083407723655 1.1162894980108877 -0.047200274898430296 0.8504841060175621 0.0023416857315585356 0.8952812945776244 -0.020354810597671233 1.0329343366703179 -0.012594936325249691 0.9610933444664344 -0.05228972219898385 1.0063874495646314 0.01950470577451412 0.9498665547018929 0.036169772376849985 0.9723920088845992 -0.03306137394587782 1.022854517737885 -0.017161242701870135 0.9807912190358793
82 984 0 0 0 0.019590910382574444 1.1420801589426828 -0.057405017457856186 0.8465461372940842 0.011710590101031232 0.8802110922441359 -0.041114571386233166 1.036380714867682 0.0012457849063880425 0.9470328208897808 -0.052509979427039805 1.007459356238268 0.017066178721408126 0.9398200137932727 0.03878115981015663 0.9895064010696495 -0.06205699300252052 1.0211827857577556 -0.008227520210181642 0.9963383583096053
83 996 0 0 0 0.01973051053278507 1.1387994336766682 -0.04212632243173412 0.8527914502846137 0.028581368985949845 0.8795725476887196 -0.039373850762253644 1.050364668897566 -0.015019074250158705 0.9529965793224189 -0.06255985150274727 0.9957684310688 0.017175223114893452 0.944811511338092 0.04645371419974727 0.9968783549512539 -0.05495654914164758 1.034100747288553 -0.006325673607726593 0.9934222416837811
84 1008 0 0 0 0.014174153259392395 1.134778934714048 -0.036841582114341534 0.8500100737920976 0.03117734464648798 0.879338799025454 -0.046417765051276365 1.0420087798487327 -0.028431677842573853 0.9446580392616092 -0.031463495618058834 0.9996437467788736 0.0035838533226569633 0.9614652608862455 0.055279813728964365 1.000859415674896 -0.043262944993851124 1.0501511851555365 -0.013344383832201347 0.9948012422925936
85 1020 0 0 0 -0.002664284582042129 1.1508887980368974 -0.04221410820319478 0.84915462087341 0.0482405621035762 0.8676266387896264 -0.030901344233026554 1.016748651342112 -0.029669268737206624 0.9295397965162694 -0.034924656131028846 0.988319992296267 -0.0021606123470481508 0.9456483858271871 0.041483744658226476 1.0019212395803494 -0.06179627683460854 1.03458844719186 -0.010164245211820928 1.0058702995879758
86 1032 0 0 0 -0.013607388162830332 1.1492009587453744 -0.04945089656218135 0.8530601990205391 0.05261092535070971 0.870692360076829 -0.04095584975232477 1.0070907641457378 -0.01083949794227734 0.9352343071261834 -0.04522816214565331 0.9871410703690552 -0.020887809125682784 0.9656758628497646 0.038711132046413646 1.0033481983996182 -0.05380690914198289 1.0351262834481483 -0.016042739377437103 0.9944982792985433
87 1044 0 0 0 -0.0031386452258471004 1.129635194602741 -0.03875542797242457 0.8489565616991875 0.03965382496861565 0.87686761603418 -0.033610822428252175 1.008534395699108 -0.015683236990375504 0.9271485343725269 -0.035869814713001213 0.990998098415334 -0.043836754121900044 0.9836936384402315 0.03722668643718623 1.0011293968609405 -0.05048192681802813 1.0216679138331868 -0.01750369286723712 0.9950871686188931
88 1056 0 0 0 0.001168355534818052 1.134473244785577 -0.06229148870477624 0.8344546038253212 0.028466085244916547 0.8821185581008123 -0.044821230201701624 1.0291219670366891 -0.026810738429977443 0.9241052667709411 -0.05268798348738516 0.9840733748658761 -0.05502013890230412 0.9878396843321242 0.04515903622199487 1.0076870432440679 -0.02713443654783678 1.0256287572364908 -0.028472736099352813 1.0057188386247409
89 1068 0 0 0 0.0038935600947638776 1.1299482384820094 -0.07292379813529767 0.8315520578084697 0.03504076023646537 0.889008475542819 -0.04479517423570958 1.0216353211429408 -0.024492158099478384 0.9414897553603783 -0.07307035512007212 0.9903061771762506 -0.057548503444616955 1.0050336729783407 0.055499453294915665 1.015089083373352 -0.03158974191389294 1.0258966388274713 -0.0283845776223521 1.0123651572487615
90 1080 0 0 0 -0.00457806037102272 1.1299185457268246 -0.060045271711025305 0.8386077932425614 0.027920856950935113 0.8792927139389249 -0.047086781327435864 1.0264309014452908 -0.030230624795604365 0.9423304118678859 -0.08139117267344306 0.9938714955919093 -0.0415952567841556 0.9978085976968906 0.043983328814871485 1.0094086809606384 -0.04556206994190892 1.0344841301976329 -0.033536699717442824 1.0120215248376476
91 1092 0 0 0 0.0071465980517922915 1.1180689511270976 -0.07294143429372987 0.8446332816143199 0.03136014291174039 0.8811031770611859 -0.030853583373919934 1.0337014138116087 -0.030377926781442608 0.9416308620630308 -0.0662324999970702 1.0020951057544945 -0.06350149770382907 0.9982185847260032 0.030570008365567947 0.9999001720345885 -0.038270856943741695 1.015769622655811 -0.04490840527812163 1.0107362504481054
92 1104 0 0 0 0.009426292392759215 1.1190074044749068 -0.07742650131231997 0.8527143768350997 0.05024030896463426 0.8815157354256562 -0.03649040953669136 1.035599568122556 -0.04422404079414731 0.9257933399907001 -0.0626184686441899 1.0047110300399409 -0.054827616161270874 0.9915287723366518 0.024960516738655205 1.0156471455266645 -0.036410760387833994 1.007696985384872 -0.048509551912755015 1.0189726951798581
93 1116 0 0 0 -0.0035480124768692434 1.1246905135354766 -0.05688389901229308 0.8495863982860473 0.05109146697081284 0.8900575782041054 -0.04159046389179785 1.0160566396695545 -0.025064665705851027 0.9319690079793145 -0.060157252283341726 1.0120840372235063 -0.045642667050111795 0.9838736186999782 0.02531186591235444 0.985238607493551 -0.0393678794815272 1.0255290336836775 -0.05511329128489067 1.001262889441111
94 1128 0 0 0 -0.016795945843303833 1.132949428343333 -0.04301282026023775 0.8489525443383319 0.053048565530841446 0.8862818686372512 -0.03261412258348644 1.0177924649099224 -0.021633303124242168 0.957714405662513 -0.05115727563959616 1.0077722304681838 -0.03669935302402825 0.9870546684025385 0.0332371748734975 0.9930622156762243 -0.04549705331912224 1.0324826551749948 -0.03955534096654918 1.0013706023121456
95 1140 0 0 0 -0.028398120749640987 1.1418565602640625 -0.042464569538505324 0.8559897725579607 0.05458777162641118 0.8787062448432047 -0.020506061566116653 1.0025635921312668 -0.015741235698041717 0.9507546461774433 -0.049792377039357925 1.0015603569926657 -0.041555995056866565 0.9890024831775478 0.025927888825366986 0.9809316355831348 -0.03452021539227592 1.0291666812871492 -0.04726390302282688 0.9930180555665022
96 1152 0 0 0 -0.02584140321845457 1.1435383026906925 -0.020104646095973323 0.852710827332103 0.05278654253683969 0.8900815739953658 -0.03737969920743609 1.0035366974555096 -0.0012767918822222443 0.9609633130170391 -0.043526396545291945 1.0095421938281388 -0.04746091947760189 0.9849699567289948 0.02434458615126808 0.9703006955074029 -0.0336319134416555 1.0376520811777463 -0.05826139351203559 0.9786951457177424
97 1164 0 0 0 -0.02174834951131175 1.1639716136766352 -0.017510698786212798 0.8443803404238389 0.04942426529491847 0.898912925413152 -0.04138524201816041 1.0070601873797103 -0.009527127163821337 0.9575162712200962 -0.04853866169564086 0.9892773755776167 -0.045498580860250847 0.9798753880509965 0.023395129458740043 0.967831442869235 -0.0374758028084608 1.0439172070877127 -0.04099529690713824 0.976723337456539
98 1176 0 0 0 -0.02431489166051977 1.1616355638264342 -0.024268551516745923 0.8455202167493775 0.0496396336989964 0.902716491750911 -0.04519251194147002 0.9908613698177599 -0.002496307293766058 0.9590902870348317 -0.054538010172444064 1.0027706217639563 -0.05043731023097004 0.9920513813848054 0.025256101476709127 0.9676912328553742 -0.04059874834672318 1.0383841305864407 -0.03690577367037406 0.9736303605370097
99 1188 0 0 0 -0.01862777009965838 1.161821800775566 -0.02219607348085097 0.8483777227546532 0.04517310933849257 0.905586346403565 -0.05086326222145144 1.0038010197961078 -0.004916451099622444 0.9488956161323632 -0.05871279029019126 1.0013356262530666 -0.05835879379973351 1.0093477476974992 0.02372625075188063 0.9665654957550478 -0.036051189072220366 1.0339421065887673 -0.047939713889466135 0.9705033453464974
100 1200 0 0 0 -0.008772535553013378 1.1500220378266421 -0.02121166713599739 0.8570156340482696 0.03975335465837293 0.9011886209141293 -0.050246088901338824 0.9956660191907376 -0.007437619940067989 0.9462655711073839 -0.062473385026712416 1.0068343797514807 -0.07113184503581975 1.0105394035141382 0.028703901538358004 0.9787705595383253 -0.019128507736089376 1.0244987753209467 -0.06209590236567259 0.9705154986555675
101 1212 0 0 0 -0.022601933620604572 1.150812455032492 -0.017921318211717177 0.8577247281189647 0.032926202741353 0.9011515156784594 -0.04954925786688835 0.9827884955695023 0.002886650620244979 0.9419416458092197 -0.07163036714262246 1.0001598286534787 -0.07485233466517985 1.007035088858143 0.02666542308992113 0.9758829285363223 -0.01778884981319171 1.0278222786140492 -0.05184388127794364 0.9864585169979647
102 1224 0 0 0 -0.013747520789328877 1.1513626522459917 -0.004089313741075209 0.8752459006926024 0.05310366480100336 0.8917032157002326 -0.04876345627327065 0.9774995978540771 0.007845003893506054 0.9364013763818628 -0.06744752465992468 1.00458808322652 -0.08205763584443626 1.000652110065151 0.030907032492360535 0.9669857838073156 -0.013835943726769632 1.0290984243907642 -0.045126858820859296 0.978336942292209
103 1236 0 0 0 -0.0037299027295322647 1.142896760057363 -0.0008659452132550993 0.8772651119309886 0.05745868666097127 0.8936505045637994 -0.0459604329358712 0.9691814769530033 0.009201063798644396 0.932634762658543 -0.06696431544416327 1.0047454850485713 -0.0830331382249968 1.0053370586893149 0.019681080006411982 0.974479069850472 -0.024080603883633117 1.0187613359453176 -0.05054868263628571 0.9851887308074335
104 1248 0 0 0 -0.0007601655559905012 1.1363887024253747 0.01248419524919505 0.880256556000314 0.04650325668919184 0.8891676396644627 -0.038932934469607376 0.9734724049683561 0.0011939464011246313 0.9395293385163215 -0.06759129512966947 1.0170173790169266 -0.10137378515465423 1.0048086942887435 0.026923253600941957 0.9758047917890146 -0.019091929621151055 1.013033931878322 -0.04358330412361654 0.9833231233636865
105 1260 0 0 0 3.369244097554513e-05 1.1432207211690988 0.021118177730906493 0.8778926221782248 0.052916847914276595 0.8890588595626513 -0.043625810348681654 0.9735370291740033 0.004946823205718527 0.9466451761955995 -0.0730430093700311 1.0143904391664589 -0.11292648669233474 1.01940411036828 0.02968136653268133 0.9830286853258348 -0.00842719585807462 1.0265997576139678 -0.040011909264567096 0.9729160758560658
106 1272 0 0 0 -0.0028179981641168832 1.1463410648795747 0.030348301975674806 0.8776504393237895 0.06442597041740812 0.8891411719666865 -0.03789989148291611 0.9799560852228264 0.008573405393768106 0.9442513568042934 -0.0784324258524044 1.0101918163891692 -0.09966461319881324 1.0215160116413056 0.03180958215083004 0.998298034284627 -0.020973209665150892 1.0298121608454747 -0.046103751253943545 0.9786555173811986
107 1284 0 0 0 0.007310459820780336 1.1577281202933023 0.034649970667107725 0.8763437653740694 0.07174599603810203 0.8969541924438644 -0.0401825345673342 0.9689543615736371 0.01325169150686796 0.9313329571142527 -0.08005558227296629 1.0061011638462127 -0.10572214491807352 1.0389057743772814 0.035059913250835906 1.0004651702503837 -0.028962947691726217 1.0370227169088533 -0.03696757915788741 0.9839873124799544
108 1296 0 0 0 0.01643871871188099 1.1615014527890013 0.046660716114230005 0.8797907881733076 0.06628730448611596 0.9008121784362957 -0.041171325064608404 0.9852577469557031 -0.0008229704576040824 0.9318879173059039 -0.08382199592819453 1.0034883367860141 -0.1152966513456604 1.0404595093346247 0.0395418634365265 1.0070763154693296 -0.03230382720274128 1.0325139999885444 -0.029395235192963897 0.9880338463746529
109 1308 0 0 0 0.02040057825714728 1.1604018427846874 0.05344724338607444 0.8932055768241202 0.06980537576154575 0.9000046447962875 -0.033219148198395235 0.9887617484040205 -0.010584211546505769 0.9309159315859287 -0.08203663246006238 0.9953661558699676 -0.11828424841148938 1.0267054138370262 0.03996055053271257 0.9992813254061508 -0.041537208377121305 1.0250530274731608 -0.02614560046423049 0.98068501157584
110 1320 0 0 0 0.027856109072154987 1.1685692699514334 0.047926448519718313 0.8838008734947083 0.08201818961648526 0.9133797680547425 -0.033455476497685856 0.9972706562039091 -0.0023090489568165957 0.9262640207524659 -0.07832667166859827 0.9861436298055197 -0.09630377317577905 1.0216843961855195 0.05442119423639609 1.009843921617212 -0.059447825013510806 1.0397334965021188 -0.02343715863663972 0.9825274218371317
111 1332 0 0 0 0.016900534346780093 1.1704450629192062 0.035203586483936324 0.8706824360701834 0.08261302022081422 0.933167427668693 -0.022952533653327424 1.000858514326854 0.0026314186296852154 0.9229869982974556 -0.08570210043553379 0.9730867953866509 -0.09916176802780893 1.016206724713786 0.07004430554219483 1.0162668533367167 -0.056394076675495675 1.0493595245790812 -0.026449928486112967 0.9824203224544928
112 1344 0 0 0 0.02517949540185126 1.168841194365491 0.03775802487159068 0.8698526261251569 0.10882442023249086 0.9348664091408027 -0.005620769058285121 1.012662756851138 0.0023485273515560525 0.9307272499796099 -0.0838546749725895 0.9635443295193263 -0.10168849872978329 1.0138512674816595 0.0693542990455993 1.0224344009381459 -0.049664489210162636 1.0534679161997618 -0.022193990247136797 0.984362252316736
113 1356 0 0 0 0.023534713435692453 1.1726639746449228 0.032261648913935924 0.8742058835357811 0.1003310984598802 0.9203285683594127 0.007876520050513813 0.991510291036062 -0.0024788929915091243 0.935514804731889 -0.08257961582187467 0.9840013746834683 -0.10407521617462542 1.0153705515993523 0.05171608804331655 1.0290819745918793 -0.03979604157398387 1.0373903058379785 -0.02254498865632291 0.983546747246385
114 1368 0 0 0 0.010263356222228287 1.1647797218682547 0.02819369871044069 0.8689198363744205 0.10177268383577531 0.9184896136790861 0.01114547988953069 0.9898331324859235 -0.010610080323755822 0.9281487815016829 -0.09085857693236309 0.995471669676274 -0.1114193915530448 1.003369111827421 0.06070651728147629 1.0360935007369916 -0.042378276825585884 1.0248687109148271 -0.02593372712777523 0.9842281463023398
115 1380 0 0 0 0.01934432037301888 1.1830974532194674 0.050378714972083884 0.8629500387471007 0.11499716707686666 0.924653562162207 0.02404818771971457 0.9905055975836471 -0.009992922945722819 0.9191733841790171 -0.09945763757939773 0.9914146924924545 -0.11399697540860085 0.9911917401148983 0.051432166485430156 1.0388063306564777 -0.04768407007564937 1.0359723783425006 -0.032596266412572496 0.9970048568621845
116 1392 0 0 0 0.013864544840460718 1.1779427327510898 0.048673340288933505 0.840929896501803 0.11738936655821441 0.9216670202347643 0.013678997323292133 0.9898697040805176 -0.005582245290484638 0.9151692447945535 -0.1105800857493546 0.9752812102540932 -0.09668592338382502 0.9916711894827672 0.06949773060773509 1.0439686012246412 -0.04930909414071145 1.0452678646748985 -0.03405000518239027 0.995510217186023
117 1404 0 0 0 0.006054699594505117 1.1877681664518782 0.043624450529649465 0.8269294039201438 0.119468414923784 0.9111585803022376 0.015818202290940258 1.001382154269684 -0.001533628501408044 0.9097546309282146 -0.10805223957722368 0.9598041453557319 -0.07850441337486488 0.9912436635359415 0.0630758793625964 1.045905226924314 -0.04832886191386753 1.0453591044007133 -0.0076298149842288845 1.006247755106409
118 1416 0 0 0 -0.00366791375105956 1.191844858749255 0.03628547096076703 0.813116749814116 0.10999856638250535 0.9032558683415607 0.020707230820998342 1.0119806222459546 -0.00010615737091274817 0.9293552647818837 -0.1025950982038068 0.9565895470653027 -0.07033123826796608 0.9740527777390083 0.06638633369926851 1.0443262964636233 -0.043922213967570796 1.0529466806708438 0.00407177274921821 1.0066424539378913
119 1428 0 0 0 -0.006142997013931104 1.1877701698005094 0.03393260178317667 0.8002776478944946 0.112304807124218 0.9091345218999461 0.024918062920343872 1.015670418108094 -0.018617458781596197 0.9333535420142733 -0.09620216259351116 0.9558084952105762 -0.08615902355360093 0.9828275548792766 0.06815782388031962 1.0479652064757183 -0.02478955921612505 1.0385266518706404 -0.005446030686635916 1.0009839629679018
120 1440 0 0 0 -0.010118382541559987 1.1818106022292658 0.01827460189687937 0.7906060673953769 0.09900970392119075 0.9122523114439932 0.03209623575614211 1.0186997796340282 -0.013271836980150194 0.9323079961212524 -0.09634220379803293 0.9676314742858613 -0.08405639845011828 0.9838915722176449 0.06029762872969582 1.0363014528093795 -0.0065187463678812035 1.0333719488864004 -0.006751224739912717 0.9906752055853238
121 1452 0 0 0 -0.01939837157080244 1.1766471766242985 0.025818290748811337 0.7848256296518586 0.09174079223594066 0.9019239470553869 0.036999121082455996 1.014519558396292 -0.01211609835842465 0.9396713096452006 -0.0956609204713303 0.9486700665242546 -0.06993834536207312 0.9725693545222739 0.061101481001408296 1.0350667426545184 -0.005514987482880105 1.0194225810699638 -0.015179028862161721 0.9847133887858406
122 1464 0 0 0 -0.018553808999775802 1.1880603913433188 0.04094385252551627 0.7997953359420008 0.10613280439791468 0.9072990828283042 0.03381931758428654 1.0165441315954986 0.011200987285964557 0.9378243102076348 -0.08977276191155775 0.9600464936338334 -0.08520427350766542 0.9787342866640535 0.08065868749896304 1.0419821548141537 -0.0006121700537616188 1.0169257414757689 0.0014599293704275415 0.9826964649631427
123 1476 0 0 0 -0.022915646568370866 1.193817372057221 0.021116639310753985 0.8119171850422569 0.12158965603897559 0.9161249532869742 0.03539452787942682 1.0197869042954986 0.0013743892792267166 0.9544768078318278 -0.07631002282022943 0.9576760907367698 -0.07793760171671604 0.9915426454416397 0.07126800762977673 1.0395539189390208 0.007436518386927509 1.0325585855374213 -0.008389276485588711 0.9897640417067954
124 1488 0 0 0 -0.02963053222153218 1.1915322211238943 0.018921874451003965 0.8139144951856957 0.10209028692765293 0.9215670336484642 0.02565357482332809 1.0308161800146607 -0.016343044144972937 0.9675553407046354 -0.08069348267287624 0.9832937376312819 -0.0935882877589802 0.9726579316491826 0.08334119220877947 1.0390103194781533 0.020050540997064277 1.0320572796224685 -0.011768607634715253 0.9784618543174247
125 1500 0 0 0 -0.03667249560784209 1.1929913391609606 0.02272820029785045 0.8010543082874718 0.1114815279040149 0.9277270857983941 0.02162074305244073 1.0397581307782577 -0.011950497998424752 0.9499465449010019 -0.08407051867034501 0.9832943931826067 -0.08421090045801774 0.9718272142531602 0.08081525232920994 1.067974277862801 0.029841283580181423 1.0375841014272698 -0.023115630829734432 0.9925053955785662
126 1512 0 0 0 -0.03607017456681275 1.1989804903201056 0.026027499693010207 0.8040713002325582 0.1075555582364441 0.933689408275407 0.04397158162866638 1.0312544601167783 -0.01809166047680987 0.9429833969135273 -0.08261531850475365 0.981416766521575 -0.0947155010731092 0.9668937722352227 0.0887083459854524 1.0763455866830407 0.018792458197627836 1.037089238748427 -0.028119508712546558 1.0033590999024038
127 1524 0 0 0 -0.03925232063087945 1.1902222942171488 0.03416773489396258 0.8023882898180323 0.11058954426513071 0.9204474798089761 0.0567047462601627 1.028546905714038 -0.021741353577281464 0.9413141293190619 -0.0884634721613396 0.9879506415388659 -0.1066545976884745 0.9727766267016853 0.09248113814882894 1.0733172467224403 0.025367680593996515 1.0433583481378654 -0.03866265888533033 1.005078929225406
128 1536 0 0 0 -0.04845992947124143 1.194733062052552 0.03348018209712195 0.807488463218474 0.11272426152384903 0.9198529408408228 0.06112616684705847 1.018729206203689 -0.011536367297190347 0.9391114073839412 -0.08787296276453693 1.0076612914068457 -0.11472345085130482 0.9861720363583418 0.1045094516646722 1.0729138320338225 0.03158940168685488 1.052571303437271 -0.031075312544738894 0.9929041947282239
129 1548 0 0 0 -0.06541468512406357 1.1978426866663605 0.03229724732125733 0.8019699462204952 0.1063508765491782 0.9163334452109491 0.0584060950821384 1.0174315063152615 -0.010181156299946535 0.939925414505587 -0.07690326604376871 1.0123832844057792 -0.1122771058127891 0.9905221830511003 0.12732517085136164 1.0724678325037125 0.036780806360532145 1.058321805183915 -0.022952599022530006 0.9847530399351488
130 1560 0 0 0 -0.04742047251333285 1.1581862095327249 0.02433885708885284 0.8080904493929679 0.09478913848013935 0.921774070226286 0.03828589330962136 1.0116212375286744 0.004457307904037271 0.9487513152391427 -0.0724710602718766 1.0151397058179408 -0.0909223552103669 0.9903971549998498 0.11112088305656005 1.05761128933475 0.017989769935847565 1.0428419984793573 -0.02177016138585889 0.9615142408448067
131 1572 0 0 0 -0.03744408000071045 1.1585906646534219 0.021964844915236377 0.8077933079545749 0.07670193519729337 0.9153253223540986 0.032997534974987336 1.0167699162148378 -0.00866517689664001 0.9549927750979026 -0.07803241705977745 1.0214865221855487 -0.08598365014221263 0.9811721981456278 0.11784602739169932 1.0572073557812833 0.025635634216731033 1.0262970189519114 -0.0183522221602979 0.9487447738775048
132 1584 0 0 0 -0.033615435050602105 1.1575871997345875 0.0439635911457502 0.81260848345693 0.10270295933820797 0.9182082312979362 0.02854312090813977 1.0113094717658708 -0.011617915759866253 0.9591048554234087 -0.0854844774624628 1.0330440306852422 -0.07767805135195363 0.9785581310591398 0.11371458618449314 1.0679954423487787 0.026547210626716312 1.031750226325683 -0.013543419034754577 0.9574741417459283
133 1596 0 0 0 -0.056428490221738146 1.166581446774903 0.03846849415418528 0.7845062216357434 0.09562811952376882 0.9175270728532899 0.02289156574520857 1.0041110020827082 -0.017256044550476992 0.9588581554293286 -0.0929109707774723 1.035814614192638 -0.05907391413506043 0.968535583062061 0.11325463738246734 1.0694773213428748 0.03979148361526116 1.0354476031821158 -0.0351268241998414 0.9657068937288428
134 1608 0 0 0 -0.061960249847222 1.1508557053690667 0.01615043205862765 0.7687581609297695 0.08783355879425636 0.9307909155989804 0.014820569269825069 1.018212655144618 -0.03149305608988018 0.9547450834381346 -0.09332980118911369 1.033862992633038 -0.06388080618274623 0.9812581170893647 0.10063665964651049 1.0674110764155775 0.04679520071571437 1.0201334997146234 -0.042140237850171174 0.9478471629217309
135 1620 0 0 0 -0.06254258720222738 1.1374918040453779 0.024239069078426007 0.7688318525629942 0.1067723418840734 0.9335646683327703 0.0027800355509140333 1.0283954905811472 -0.03285106551774115 0.951753011677716 -0.11291105653066828 1.0390996514857334 -0.05827321440094898 0.9809780328163374 0.09472255379292274 1.069384387132996 0.06731591184884296 1.0226242159640024 -0.052720362908497125 0.947517063200216
136 1632 0 0 0 -0.06051515094468615 1.1307776426320322 0.03541209142215715 0.7662692977173637 0.09414931024545423 0.9420613487514323 -0.008094226407785367 1.0203494173300036 -0.037514121678094474 0.9562252758925889 -0.11579024562852498 1.0318218435360134 -0.046131356768468024 0.9972846489258133 0.09822396707084313 1.0693705524160484 0.07963823342711451 1.0215729139336778 -0.05075720343857268 0.9443333663848323
137 1644 0 0 0 -0.064435588152379 1.1165324888286308 0.03973812110889513 0.76563656802005 0.06451469647623492 0.9333857807652779 -0.018546135254178253 1.021787397457958 -0.04437351970180628 0.9773796237147688 -0.12589467963132472 1.0452753049801757 -0.01948018724083023 0.9907720082009042 0.104326263227504 1.052581875475606 0.07474190954125645 1.0177180512983337 -0.06762880460251913 0.9357806916972354
138 1656 0 0 0 -0.04781184200938045 1.123200727125227 0.04453062154287499 0.766488500829918 0.057128818334291384 0.9421998361791531 -0.023573250247378618 1.0184907665304168 -0.024546990609259238 0.9710973840700736 -0.12171500547375164 1.0409914326419258 -0.028595396574566112 1.0042580419096085 0.10473319873777796 1.0712223720338119 0.07441848660271057 1.0276825331181125 -0.06038984022819777 0.9461290573570975
139 1668 0 0 0 -0.05141163333444525 1.116360459460001 0.05531453070356639 0.7762458456316755 0.04332139907652422 0.948899639470351 -0.008993268849695093 1.0258922913611959 -0.03282532348057002 0.9736839614785306 -0.11642248533866213 1.0310213792527583 -0.04618367869377132 1.0100857547947022 0.09803657410040206 1.0638055075497845 0.08812671188762732 1.0184914742787734 -0.06280677705506767 0.9308503746428576
140 1680 0 0 0 -0.05966636957524908 1.1132740843500466 0.046825694807487855 0.7539495483485732 -0.0016459753557903148 0.9461820371213407 -0.012106836552537194 1.0133848287774947 -0.031171463952585323 0.9773540193269756 -0.11355683356918099 1.0279916956691943 -0.009807958373716792 1.029692997979614 0.07637600081411172 1.0649363354786652 0.11939036131391272 1.0035101061324632 -0.053856175017044455 0.9224794095002052
141 1692 0 0 0 -0.051476998352642266 1.1253454664136073 0.025674576930183754 0.7780219925595079 -0.001208853191920519 0.9604693846129773 -0.010627921469030922 1.011976804039189 -0.041553230439454525 0.9807449515863472 -0.10990475636608227 1.01047336875698 -0.024951903943372204 1.0355258827863525 0.06684375746153091 1.0574868926154906 0.10727613986314047 1.0094944418561136 -0.04331380608382217 0.9383956937000038
142 1704 0 0 0 -0.04878934326701145 1.1293885463223179 0.01195079910595905 0.7781819123756435 -0.010668647407353658 0.9513218714133718 -0.023101046230313723 1.035137008935979 -0.06539023940758261 0.9735107965384309 -0.10893284464289264 1.028070856604992 -0.03421021178941112 1.0290661276284268 0.06445150521646598 1.042158782561741 0.10000214249194649 1.0135780007253337 -0.040208780587088766 0.9459406106960154
143 1716 0 0 0 -0.0358803638375484 1.1135349073959278 0.0081624312095624 0.7766184151436882 0.00247587430530408 0.9325338843989458 -0.02492637276836082 1.0485080369309265 -0.07012308918969931 0.9752054176379705 -0.09625868760118934 1.0475507314167893 -0.034966228925200474 1.0126791369768438 0.06248713725678567 1.0312694249309897 0.08714813507654758 1.012345314176292 -0.03731827554162613 0.9224624781997691
144 1728 0 0 0 -0.026878958391046738 1.093093572444959 0.02553392072811722 0.7790179176383484 0.0013365289661453471 0.9435911894862783 -0.04314230327816715 1.0670120090696997 -0.06134868959502193 0.9819376095311675 -0.09603664145598305 1.0609293321695688 -0.036396124847543725 1.022325152365262 0.06694266685217101 1.0374269329697343 0.08123504988296318 1.0297566833259169 -0.05060732791109386 0.9217260495361648
145 1740 0 0 0 -0.02935294536677774 1.096920946103981 0.015459459760109207 0.7700989889309598 -0.024899189922559732 0.9265040479434017 -0.04990045845748452 1.0636474917016039 -0.05116112228268928 0.9794411293531821 -0.07075399523678451 1.0805702009772733 -0.044299914311660235 1.0221019516998526 0.06529973143197974 1.0265523108552221 0.08913083302667753 1.0266505184485242 -0.052839254932410075 0.9117664125423438
146 1752 0 0 0 -0.024259761078337872 1.12541195974299 -0.026011930438068917 0.7491909023560099 -0.013677702310377439 0.9174253879839592 -0.04413736936069665 1.0565331640382973 -0.042904306308838625 0.9773164741171609 -0.06563842678951483 1.0485971605761775 -0.025068068785126102 1.013792459706215 0.07420265286086383 1.0294254421607887 0.07826390330572096 1.0008630451220841 -0.046940274972309 0.9189663584888792
147 1764 0 0 0 -0.010129354268927323 1.1245193792672064 -0.028853382298581347 0.7488858446638872 -0.031854589360698564 0.9231686593347942 -0.0709517411571893 1.0332068530329859 -0.02796699297784801 0.9613610763080954 -0.05473469159361079 1.0510003549426912 -0.033223764003439286 1.0508736141691175 0.06922508529085135 1.0253749145364501 0.06772321231515084 1.0031701403329705 -0.058267219762763625 0.903501842597008
148 1776 0 0 0 -0.021492438999933836 1.1327471053552227 -0.026952096398857994 0.7360761119274315 -0.0238031793547616 0.9041436204417415 -0.06302493496235777 1.0281975076459164 -0.03111467805904046 0.9733474007962962 -0.05725291278149742 1.0641953367510744 0.007713892394820822 1.0341936914171606 0.04915203625077313 1.0322782486434536 0.052201632363390114 1.0033269232039743 -0.05015795842131351 0.8988752171808685
149 1788 0 0 0 -0.02644032607450199 1.1255191068566268 -0.0027830973691457817 0.7374967554652009 -0.04045652309799837 0.8944416152619227 -0.06772309000198982 1.0159168105065721 -0.030127975225664533 0.9707104565145735 -0.05265861690061488 1.0591888424962441 0.007116531224813549 1.04981402449065 0.040231647774025776 1.0221948296376042 0.048893721025034205 1.020124432886953 -0.04405352520731815 0.8940131252778719
150 1800 0 0 0 -0.012290330628564463 1.1341275209315507 -0.003065835167114563 0.7604278740111918 -0.020643092003034852 0.9127461681318076 -0.06246743268076303 1.0112563219908637 -0.014520874535823526 0.9810775021089913 -0.06804628423619721 1.0543429716695203 0.004035066667088396 1.0552541041351737 0.029789454139880118 1.0129287590437146 0.033049913640462 1.0268859529370884 -0.03598683526259046 0.9069335956096816
151 1812 0 0 0 -0.004579905016100977 1.1247651796761486 -0.009137286181049812 0.7637025958180798 -0.03960219339425003 0.8887191343895077 -0.07978979236880682 0.9999774071639052 -0.025487252570174163 0.9765854120407496 -0.06583773029302432 1.0554718196942394 0.010056297735476508 1.0762006541829667 0.024491437328674606 1.0135534392427674 0.013391009561886814 0.9925041518857948 -0.027458413089847512 0.9172001638071359
152 1824 0 0 0 -0.013335100665110799 1.1204696905536893 -2.3141978241585787e-05 0.7784352126576946 -0.021482326664889712 0.8830466789780979 -0.07728099476358338 0.9945196331954556 -0.031653351169241756 0.9760585658435748 -0.08638756529436081 1.0631752244281225 0.004809750998903773 1.086581541696549 0.02657182086216403 1.0038949184177524 0.007217049045608902 0.9747037360599291 -0.016980988944826775 0.913224391509889
153 1836 0 0 0 -0.004556673849216979 1.10377447154245 -0.01294146420072675 0.8092750641038668 -0.00996166595798392 0.8915540388366101 -0.08029576831660135 1.0148220575615279 -0.03578214599801244 0.9995513538426848 -0.08603166297944244 1.0513834563636912 0.00848503968944633 1.0971942454193397 0.03245587532234725 0.998235854891866 0.011362265745427584 0.9724091232331725 0.0002138597182779929 0.9189408491285158
154 1848 0 0 0 -0.006354082004615466 1.1121037122751214 -0.0026839068670132873 0.8360119096022615 -0.0047010380237036895 0.8703504579805638 -0.08938125949378635 1.0123471911747002 -0.014114256290540729 0.9929762023643866 -0.07071467103362544 1.0491250197429238 -0.002647094929000518 1.0813433477683423 0.025623373117347747 1.017281214449459 -0.0005541667087349371 0.9549895096801762 0.013362894985626515 0.9068117639107804
155 1860 0 0 0 -0.014127302743742376 1.1065898103872636 -0.01406247543009463 0.8472912077316329 -0.02566807615881545 0.8657888682435126 -0.061262351673258233 1.0011285645309067 -0.01290366018277464 0.9912282229957835 -0.06493161153189245 1.0612517975952154 -0.023021034431508228 1.067014709439905 0.03217078153153094 1.0302762841383402 -0.01069115629098274 0.94029072753927 0.01983456430498283 0.9126976054168109
156 1872 0 0 0 0.017762367860783487 1.1121370918527864 -0.021220560238848166 0.8560286539448937 -0.013871711801948064 0.8738224631931238 -0.04966066063479637 0.9967430650799916 -0.003447628592148531 0.9855430603550066 -0.06459259564515937 1.0429891336883022 -0.029749938100181908 1.0968377567572622 0.015643421594131252 1.0254240513091426 -0.01503768265244656 0.9402655190728963 0.02374323717613477 0.9121896675786569
157 1884 0 0 0 -0.009394721671022312 1.1138704013680834 0.004285417754556219 0.8348040466364688 -0.029951008980005307 0.874010283052343 -0.04944193157533985 0.9843683824952071 0.002799009688175755 0.9858948778827228 -0.07289409342814217 1.051838183867632 -0.01626738683412664 1.0856020474345338 0.02956640997236886 1.0283699125712247 0.013794428134626372 0.9401938798238672 0.018623582617441556 0.9038841409683924
158 1896 0 0 0 -0.00965446561359214 1.109028213318605 0.016573952154288255 0.8338576871685758 -0.009120119867418383 0.9007185816484763 -0.06457083471218313 0.983352676504632 -0.002585149236729996 1.0040639589095044 -0.07484338886793639 1.0457030639723022 0.008810057352151839 1.0816196124583926 0.017000117215127744 1.0194137810057842 0.03600467195861597 0.9447234921721965 0.02747738153166343 0.914723871997919
159 1908 0 0 0 -0.02091227822170162 1.1152646772938841 0.022742469840552518 0.8147710783250361 -0.01459748193119196 0.8959673515484371 -0.05809298220699397 0.9994435867598368 0.006489186763847147 1.0172113624216512 -0.06048976715361724 1.027446690051649 0.01223434990550308 1.066352801777825 0.02053924615706173 1.0313670117320466 0.042455933264981295 0.953727368558492 0.039669349230924585 0.9090424627252875
160 1920 0 0 0 -0.01974810427830106 1.155477151445048 -0.007812488713524631 0.7839015552333201 -0.03764987649734433 0.8740366801904033 -0.05770803211259761 1.0118257723513455 0.0018349017610288752 1.012995280370604 -0.05372648535366063 1.0122854465778839 0.017441096518141262 1.0709501497950749 0.004193241178953817 1.0118597683070556 0.03919937315265758 0.9488565400320229 0.03641283453921817 0.9197031092353316
161 1932 0 0 0 -0.024497309439000605 1.145525334528712 -0.008896506440085383 0.7954727385080685 -0.0352185473850967 0.8524926279336421 -0.07106552217395701 0.9957292339499882 0.0032292068707986256 1.022817773891625 -0.05529125751339382 1.0161223462703883 0.03688744366864457 1.0809917856008826 -0.02199784899854178 0.9853601831506452 0.002478120201634293 0.9247967552186532 0.026326559029717256 0.9056812756890585
162 1944 0 0 0 -0.02592158157889468 1.1553657938192248 -0.003912945674103653 0.8130557918059378 -0.034034572583752816 0.8494137656886045 -0.06399725206438722 1.0070637981822756 0.0010338350430863278 1.0172167358634228 -0.06656203279359241 0.9920864828409343 0.04191132512545696 1.0733649133651764 -0.01082825335315068 0.9818926103636673 -0.014430636989517374 0.9345808539742989 0.05269154160534194 0.9183498751755602
163 1956 0 0 0 -0.02225410548772141 1.1659319968082928 -0.035175429810293986 0.7947529379572825 -0.021501004061463436 0.8405103534608915 -0.05470768720064654 1.017553712698911 0.012792899859092936 1.0142965036399112 -0.08040721925154228 0.978625386967187 0.058206433736582804 1.071338469709222 -0.016998779248350353 0.9892847772209296 -0.013051071145237412 0.9248887539223349 0.04773295142436306 0.9403053215941735
164 1968 0 0 0 -0.041888258076471695 1.1633203666244647 -0.00944404906798963 0.7951229965856008 -0.011742593077274953 0.8503953711384049 -0.0645090788524193 1.0063872666995424 0.024979868538193565 1.0171953571273853 -0.09592849148234689 0.9943118385001493 0.035313914042736955 1.081767944568752 0.005131073637107526 1.0179070285791918 -0.009706071710964076 0.9291156654396374 0.04368845347308852 0.9290965489171721
165 1980 0 0 0 -0.04184069858412727 1.171802117540741 -0.0016429720677904863 0.7979631710588627 -0.006309697185884371 0.8369041233340704 -0.05805371600449658 0.9986949745329224 0.0532238913169662 1.0146096332838228 -0.07660291597133077 0.9923971332295584 0.012846782846362953 1.0931193782331432 0.008280588063290387 1.0395776714465408 -0.018247966916849614 0.941296920822014 0.049698740317350616 0.9136299860670677
166 1992 0 0 0 -0.030513301750640747 1.1920810989558428 -0.0029501332961141147 0.7994411365077785 0.014107739146011215 0.8379155492190767 -0.05297457831978554 1.0021063677361766 0.05189294788586457 1.0188994616370168 -0.06529701457222707 0.9664139424570527 0.009018624590402069 1.075475526911091 0.026303698049436518 1.0529853019556117 -0.03571285338643102 0.9443639633077301 0.06267430455194864 0.9200556344022707
167 2004 0 0 0 -0.02902660193111883 1.1796671408142698 0.021587647722553442 0.8045829258958943 0.021294770534989096 0.8426769877095193 -0.06941638272757938 1.026353068832293 0.04373288662755569 1.0158433743571664 -0.07223220052863913 0.9889448286104162 0.008871571279540965 1.0623571547811121 0.027573762717992334 1.067438431271887 -0.029874425602985522 0.9532705725864717 0.05150899718317614 0.9034433534795127
168 2016 0 0 0 -0.04301158114805737 1.2068840945263797 0.025376490413557124 0.7967301886292617 0.04005262044215599 0.8264611781781518 -0.07345803699544975 1.0264691856962747 0.048760182476112565 1.0065964325841705 -0.054736099524505574 0.9870998523480706 0.008080198374639892 1.0313484634940544 0.031128233663975564 1.0715316763574843 -0.049262032725490484 0.9466733094092796 0.06419046717560306 0.9087231935659028
169 2028 0 0 0 -0.07767207822265912 1.2150064293244547 0.04142053548249084 0.7644352900892757 0.04520013673829557 0.8234673020053532 -0.07676984298434833 1.0165234427473724 0.05738014275592766 0.9992184235240356 -0.05726745270141478 0.9876984709707105 0.009397551479563143 1.0268641745835851 0.052122996111261005 1.070783353152895 -0.01537564347859148 0.9678817827915429 0.06024255018612386 0.9067522074141962
170 2040 0 0 0 -0.07793945453836586 1.2222334860781707 0.002435289825575969 0.7599759096221561 0.03483828081645814 0.8094085810213147 -0.0602529878785075 1.011859307279962 0.05113345550686621 1.0051146178088746 -0.06435388196737328 0.9869949142155817 0.030487091045633512 1.0147412114497745 0.027606419565639376 1.0523808098116458 -0.014138541488009426 0.9468821241979793 0.04796713536528132 0.9296703719343437
171 2052 0 0 0 -0.08096052550599157 1.2014592361813206 -0.017817297457153953 0.7848112981250271 0.025574865175538898 0.783871716102142 -0.07160112260079587 1.0054954972451258 0.042559052880044114 0.999810905448492 -0.0462646956262371 0.9777840842396992 0.036053936845909136 0.9997770653887187 -0.005734250128073805 1.0268045218235289 -0.00233622552116069 0.9237474344933722 0.04838353987323502 0.9512940107891169
172 2064 0 0 0 -0.07703173816377472 1.1856107906600868 -0.022364559720552568 0.7933468126816322 0.018296894556895 0.7893915738439999 -0.07462130998217757 1.0091188795447095 0.04267462132040818 0.9959430307407227 -0.056515128495942396 0.978894259183789 0.010963125503861915 1.0034534826188584 0.001145295087960881 1.0317011805298395 -0.01442248759913715 0.919802267775951 0.028574066395461444 0.9572132677073097
173 2076 0 0 0 -0.06905839202819249 1.1985279141444964 0.021607406704936744 0.7889912472580893 0.0410693467341735 0.7940401659776809 -0.08601189120498819 1.021743645630698 0.0427314453118905 1.0175578891560888 -0.0714839436549883 0.9738532455970796 0.012511606196868846 0.9970282844028372 -0.00517787223682867 1.0621932941395045 -0.013348533298430582 0.9463205487854474 0.020231351706571903 0.9773731632531097
174 2088 0 0 0 -0.05801336957829967 1.1860120140406984 0.030678064774128266 0.7922342530160934 0.06972519442137928 0.8098390401432038 -0.08664526325147039 1.0105745780569233 0.04537342475575703 1.0042743808824965 -0.08871236713751054 0.9797262320309799 0.01939893967154141 0.996616537509372 -0.006417839442710826 1.0666404670155416 -0.010271786361718986 0.9555134824392303 0.009191622808172492 0.9674422691946996
175 2100 0 0 0 -0.04725740915641358 1.205118388621963 0.012430037525449276 0.7895436553579076 0.07486870438368902 0.8175109656645186 -0.0796923283239377 1.024629703558448 0.024736217081314057 0.9955206098315469 -0.08318662296770804 0.9612625749277095 -0.005967974540202314 1.0074689974817577 -0.013014060582413535 1.0635964369103925 -0.022268116027049274 0.9484143298809742 0.023746183843747604 0.9746265264868655
