% # columns="iter, evals, sigma, 0, fitness, xbest" seed=967197, Tue Jul 23 09:46:04 2019, <python>{}</python>
1 12 0.09293568068582045 0 0.09221693873405457 -0.010920441864649726 0.9729862870446941 0.1927830624364264 0.919059869122512 -0.006284731269236488 1.137907578652975 -0.06513869751761457 0.9180075502756267 -0.014880740209858634 1.0671929741505628 0.027383173472660595 1.0666105806807475 -0.04829497720265636 1.0004433212571324 0.012672375891294356 1.0692459045189522 -0.00490894172553105 1.1310817152634232 0.18554351860925553 0.9334417101168421
2 24 0.08918821617707705 0 0.10725024342536926 -0.06273924586815866 0.9126055836245919 0.14260545853019313 0.8872240617080192 0.054922099153891714 1.0591005899996933 -0.1553468106365203 0.7244236827590317 0.03225597119964903 1.0039197593458793 0.01455114590132844 1.0162649994768902 -0.09153142047062054 0.9423216007343972 -0.02071815431185764 1.059821674517548 0.03496027155319338 1.0710579289974291 0.0283019357519265 0.9226148359203272
3 36 0.08407151493570968 0 0.10010263323783875 0.010845160509504431 0.9775633401664715 0.0600451944603346 1.0508850374757852 0.08582606418748893 1.1096055767730655 -0.08027881700718312 0.8835655643055055 0.06682759497062667 0.85968376869357 0.021306614912175184 1.2119187856444058 -0.08199578667258063 1.032601989687406 0.035714732276381764 1.0871479532692616 -0.09413155841757749 0.9907620068618703 0.16734573855024257 0.9497645803766288
4 48 0.08060589366414148 0 0.10806531459093094 -0.1268169172143332 1.139178816711333 0.17843095635439143 1.0284986148521058 -0.04756140946775973 1.032970418856211 -0.060931166105649276 0.8470462372926294 0.05105505251324234 0.9365232419128108 0.05070126420851237 1.1686063693495141 -0.21133580262749288 1.063148936472829 0.015042338602655768 1.025664928330065 0.11470423590862053 0.9436727587498519 0.023482288070129254 1.008460148985987
5 60 0.07604398163588104 0 0.11953726410865784 0.06180366899855688 1.0206570637847654 0.1260937584626633 1.0493002039001595 -0.05373995768511162 1.0548438343044608 -0.06156586406331942 0.8297609478272046 -0.0107955682287789 0.9521608545659926 0.03848385720326522 1.087232143097363 -0.170002723115654 0.9855415669826209 0.02929476847282462 0.8715005441257282 0.1518146358798183 1.0197812804142241 0.04821445208330018 0.985927375873813
6 72 0.07255247905908838 0 0.09778832644224167 0.08489207623667105 1.073736792391123 0.10145204678355958 1.0363824434059121 -0.03654372680268268 0.9015864580464019 -0.002668034106944807 0.7925855448537407 0.0946548097624216 1.0087707642398231 0.10401509410012645 0.9774285021688105 -0.09910580943801982 1.0508000643301352 0.021029743391394844 0.9627311802128674 0.04651189587643083 0.9829633561750567 -0.03908394939405257 0.8550772364716274
7 84 0.06933384632327548 0 0.07524969428777695 -0.0065416740173216276 1.141050555626625 0.09110736612617598 1.0651605606754022 0.12337876646965859 0.7760788207355431 -0.01359654792606897 0.8528560965199649 0.04826980332859936 0.910498146159557 0.07886469631622423 1.0197429780052991 -0.0842989576840933 1.0075544205817677 0.072367046882872 1.055322202375641 0.02697557647253658 1.0280260842619302 -0.08448143509785613 0.9972654534700455
8 96 0.0684473585841941 0 0.07126021385192871 -0.05964815918517534 1.1275539865062947 0.09914923586110401 1.0241417265155652 0.08107319147592504 0.8308250412869934 0.059786357405495996 0.9031486374815966 0.06678887431162203 0.9131405820688341 0.004230379340424056 0.9274054239822277 -0.036130583639023627 0.9904546842479084 -0.16423643245136252 1.010132469374704 0.014379442243206919 1.0385161953330295 -0.06298813941969553 0.9652241186046898
9 108 0.06806026369651237 0 0.0920405238866806 0.06827745600186605 1.1035822563101423 0.09447973090474586 1.0999242016206623 0.060764122299157584 0.8054318637489749 0.14557246954692976 0.9016859977399868 0.15916747095829753 0.9432938818173212 0.08069362907185113 0.9979495524604111 -0.11244415091796 0.8870010479599973 -0.10224759571965872 1.024852431844384 0.06392489257308825 0.989510073194962 0.02580152486822211 1.0720764441033932
10 120 0.06824571405756531 0 0.08356036990880966 -0.010778585484165285 0.9485966732777266 0.03581082210296409 1.0962602164511357 0.08368422170884653 0.7235892521767493 0.02245172647747222 1.0045152515708913 0.1810981558649689 0.9479105405404786 -0.09196487417958099 0.9845682388643328 -0.027684971172550824 0.8682030841025578 -0.16947727525039252 1.0682278773131182 -0.018265374639849043 0.9772619350858628 -0.05202493600685536 0.9474105491611197
11 132 0.06813235094751932 0 0.0855797827243805 0.02608408818762182 1.2262535183581 0.12165101310393506 1.0912045425908525 0.1818984799978431 0.83727062117849 0.049527793178920435 0.9322527843655607 0.15058559441568176 0.9883857816196584 -0.0030015706986070353 0.9464578226414734 -0.031065405490327637 0.8047288623534885 -0.07614009674969086 1.0120312057070144 0.056259421325065055 1.0049641936918057 0.04065672078642164 0.9264738669565279
12 144 0.0665325204300742 0 0.07407891750335693 -0.07562678353132049 1.0770031577390118 0.11753867934656866 1.0387701433790726 0.11168417074340652 0.8152272655376683 0.027599090438254464 1.0188711464857902 0.13676150745183338 0.9574743065332327 -0.013367117343609389 1.0557912014638458 -0.1090171739368715 0.9271118881471117 -0.14288597428755986 1.0023289429891775 -0.03279812749223579 1.0493146639804745 0.00859500832093854 1.0365242353327049
13 156 0.064605792187928 0 0.06223908066749573 -0.023736466389312514 1.0796030446065488 0.12141480494140446 0.984130423143449 0.07995553889041893 0.8177561987312676 0.03554067839441065 0.973828387908239 0.007796278311718696 1.007498292245112 0.07057072995852424 0.9467327111367436 -0.029118048251935653 0.8876758486008942 -0.07574114409202187 1.0096793917759692 -0.1065859560875858 1.0293967904194787 0.07222872780328686 1.089457624745176
14 168 0.06170893177461985 0 0.07493577897548676 -0.08746255311023987 1.0912032612122302 0.09867377384739139 0.9601884724518236 0.0594219591744225 0.8495709426188767 0.06354222610524082 1.0305977415169199 -0.007485679456920344 1.020365023690708 0.03127667243285994 1.023226190095914 -0.041422362059453495 0.9679092508780024 -0.04847221810206034 1.0360031211535425 -0.12071807138139536 1.078391950714269 0.00206509135898459 1.0806726317997841
15 180 0.06130133126809408 0 0.10675065219402313 -0.09816722719494973 1.1638331781160625 0.1344292279095555 0.8748169863036059 0.03358354873075586 0.8092444102109602 0.03485382408782136 1.0762739679664621 0.004424710238083902 0.9228285538344874 -0.033078048234511825 0.9614072769329717 -0.1972841305006129 0.8401422784049398 0.04755728945094172 1.0439362477836736 -0.16411173132703283 1.0539127757363298 0.03120318755655732 0.9004019697105929
16 192 0.05921274544233223 0 0.08263671398162842 -0.11261399371061886 1.1856698775931245 0.04674623328887379 1.0291152508617047 0.09302777197000378 0.8886355067697412 -0.05160163476226607 0.9624508477289413 -0.0017510246675563146 0.9745330820590654 0.038750238904322075 1.108990828898938 -0.02881944323572004 0.8242921785958133 -0.03507379443568825 0.98692283592521 -0.048561495366993654 1.024062075259756 -0.026600402615938306 0.9665871804446912
17 204 0.057538608053954436 0 0.0703640878200531 -0.04940073019169376 1.1074153243057951 0.13556514445079004 0.909729577135433 0.04887402652295524 0.7651157047877131 -0.06933710793301277 1.0551953429613101 0.0905350786540576 0.8869200201030351 -0.0527546583876634 0.9854967290406376 -0.026935939791554207 0.8459762962117567 0.00030851301792162887 1.0248049743890721 -0.09706871113727385 1.0932144744952244 0.006906416943401826 1.0316268987362804
18 216 0.05732856951736265 0 0.08627799153327942 -0.01874089535318027 1.107631882724827 0.1328111169731389 0.9125868449258956 0.02679833970754411 0.766669630104533 -0.08462612259573427 1.0756622956391162 0.08911280598838786 0.8173776666713829 0.07379465769729837 0.958069915933386 -0.07468903650655556 0.8443202315239697 -0.011970183463898467 1.0147621438526881 -0.1329120729899451 1.029833635941824 -0.04159047980521729 1.1114231184916306
19 228 0.055108664302997025 0 0.0684853196144104 0.05523266470957988 1.0735156358473485 0.11028008894156427 0.9726387067863863 0.04923930766163187 0.8591698747390631 -0.07217417338704457 1.0536360414321073 0.016397223181722646 0.9121724935124652 0.0235290250271799 1.0445397161081722 -0.08882920610791453 0.8057963170708584 -0.053967678799525035 1.0120587140536124 -0.08970940629766666 0.9464820865644937 -0.02893884081182139 1.013575302887118
20 240 0.05217472355058786 0 0.06783194094896317 -0.008362086620743418 1.1246673412016357 0.0067185973963406614 0.9245549869964104 0.1257439352593424 0.7697870713697981 -0.013764132250273259 1.0215786730570129 -0.006536425831410345 0.891040264147654 0.054218458505598074 0.9522762905612935 -0.012050259053172932 0.8502473760823771 -0.053681315268725514 1.0623973150445642 -0.08358004475952768 0.9499296021370983 -0.06949811589683424 1.0873771181732264
21 252 0.04955394253390571 0 0.05482444167137146 -0.03839726322724676 1.1608593932599658 0.07613358813648989 0.8931184358201347 0.009090504080967829 0.843730373943417 -0.01943972238494797 0.9912730158008847 -0.062197858135223695 0.8634680306458582 0.006632043777433962 1.102230138981686 0.050458634931153934 0.9769813754377694 -0.0645362368706712 0.962436940793815 -0.010082019439134601 1.054172039661683 0.019232138838125086 1.1098465278819163
22 264 0.04728451719007527 0 0.05835791304707527 0.012843131021227042 1.134096148411845 0.01538094158877075 0.9802464532185066 0.02389629126802298 0.8164568498347269 -0.013029835298926056 1.1125658728291543 -0.025174023880156434 0.8751223338861839 -0.011046588564157286 1.0031686657103849 0.036777704022484474 0.8527148435097898 -0.07571355134769907 0.9585215207368034 -0.09851378525372562 1.0042583277867192 0.04004271808948685 1.022950810173548
23 276 0.04611539118525663 0 0.0608895979821682 -0.09451574037331736 1.1706416957630974 0.047804891813230166 0.906038101362561 -0.03756438699565905 0.8239258203726498 -0.0005869108925880768 0.9837469068298733 -0.0018952085229335218 0.8780739434271044 0.0030652544816105153 0.8961979582171006 0.0191512761616904 0.9935817386087117 -0.10825229773922668 1.0117289868511132 -0.0755647688252906 0.9000080873752232 0.057521729034312255 1.0096721402727744
24 288 0.04645308667531698 0 0.049847349524497986 -0.05726584080695671 1.0676347068878627 0.043532991964198825 0.8983048381539214 0.013589854851897655 0.8127101864306813 -0.030416130754116023 1.0055847899207844 -0.05644242639069885 0.8770300086142896 -0.03019991926634221 0.8864723745229904 0.0005405239845952953 0.9873525681669966 -0.049950972843685555 0.973885227814094 0.02565557440176519 0.9116114437835623 -0.011518856369243467 0.9951971903883219
25 300 0.04729243970293049 0 0.05575179681181908 -0.06924158000001526 0.9729513445086099 0.0199043015375637 0.9058934400391834 0.0174733921556468 0.8549292132004791 -0.05602884656368766 0.992206175786875 -0.05503108294745744 0.8642229733387026 -0.04577828909902258 0.923232326346312 0.004843778788953368 0.9997092862442395 -0.030682269773956557 0.8605986484934602 -0.0499421613425029 0.9465836556569633 0.015369163950382372 1.0453603926204804
26 312 0.04737529082971897 0 0.06011725217103958 -0.11863536953751352 0.978637064089712 0.013426054402908281 0.9088032514369466 -0.07237038706099048 0.8419201124609166 -0.015473950624677286 0.9272261838622587 -0.022963570408251446 0.8959150793410292 0.013786206148933236 0.9639434262632095 -0.01822094022130471 1.0348937131309677 -0.1180153032055514 0.8709597807150709 -0.00025837981602472304 0.9598049837640169 0.01828258626303894 0.9741300710674443
27 324 0.04641905685065872 0 0.05093364417552948 -0.05055552879913028 0.9959924400641285 0.004768916653158536 0.9220774223395443 -0.08626905393962267 0.8252065828233983 0.002602630884711035 0.9471130887582939 -0.0693718482483148 0.9190483616886467 0.0786226525513418 0.9538434800904603 0.006165701403114446 0.984541834861818 -0.02017985658411945 0.9120794286579901 -0.007182651828376917 0.9341611553281435 0.020492905003639268 1.0094380134389966
28 336 0.046319267145034294 0 0.05569376051425934 -0.024539330608320645 0.9819514775409621 -0.034262561218391725 0.8815669930974291 -0.0474394554887027 0.8637273574941817 0.0549515475198248 0.8767006941419301 -0.055475181277802946 0.911823777791256 0.02978655050407228 1.0092404307535559 -0.06678157825235423 0.9570010525752843 0.022834286048667787 0.9168188797546007 -0.07868564154304789 0.9270026511542804 -0.010896209942895127 0.9880833782969735
29 348 0.04620568516505046 0 0.0697377398610115 -0.11000520458433352 0.987320862487177 0.028938216223583963 0.887744128471154 -0.0875080619932577 0.82439602911831 0.05092126300984909 0.8793806383465383 -0.10309524573776647 0.8517691857001624 -0.029137023923133006 0.9428770851215365 -0.07144442569429012 0.980311595500411 0.039285205976066766 0.953610535057777 -0.04280374479585365 0.9803135311725915 -0.06593735884739486 0.9676422158899728
30 360 0.045879451643686446 0 0.06271103024482727 -0.04510792136627466 0.9864457375013571 -0.01705838140412739 0.9419217550247029 -0.07292867886612336 0.8164780197914878 -0.014483746874099816 0.8378057279126672 -0.00653662061762382 0.9150857014627692 -0.060404909555888925 1.031202075889956 -0.1161790681476185 1.0353303783136318 -0.0007971794766109411 0.8959401804318434 -0.018085045294474716 0.9491999264208183 0.01716962009002259 0.9749341195930351
31 372 0.04473388739479149 0 0.0573127418756485 0.017075406370284124 1.0620496731582778 -0.04178682851895542 0.9096694893106794 0.06319923636879717 0.8185464082200795 0.027652818357334016 0.8479783542332687 0.031748013063113985 0.9800580529612972 -0.05541794783457564 0.9981071657029611 -0.11343847845545002 0.9705124328264488 -0.0953183829673787 0.9260326054159762 -0.049345727075850734 0.9603735945146865 -0.05742053633400116 0.9721708349167417
32 384 0.04412240243397379 0 0.060466933995485306 -0.06420071372513222 1.0125240901011479 -0.00824529842664196 0.8568372229951023 0.004965437277326318 0.8459191946849758 -0.030224289001919015 0.865346230684402 0.03716548136534935 0.8568543660180264 -0.03555244700705784 0.9399810545175346 -0.08507966571102227 0.9708626883220862 -0.04316646190902333 0.9236370801902393 -0.10191914691777004 0.9262032456959752 -0.009535887157064892 0.9994964349351056
33 396 0.042775980873915376 0 0.06780321896076202 -0.011552139052884136 1.0730315854315842 -0.07338176092735671 0.9772754351357815 0.010746847490185212 0.8187101002787063 -0.01906675295823232 0.8716755294014126 0.0355696992950334 0.8811033220342569 -0.027245317477179398 1.017130376915401 -0.1398395752857996 0.8991510216892408 -0.01401561937144781 0.9019259752029254 -0.04041496662764321 0.9392158877786476 -0.047749361520827024 0.974939389482766
34 408 0.04227944376430324 0 0.05842066928744316 -0.005061019083639737 1.0624310930335799 -0.0707279981608996 1.0115483295659975 0.04616483772334832 0.8640744420678934 -0.006066594282437365 0.9182473893664803 0.05782417816623154 0.9366938352256852 0.019193756952588452 0.9453521394419899 -0.1185895270966094 0.9914590172731048 -0.05037733433934369 0.978327944018113 -0.07336213243272556 0.9637048564247461 -0.08457304748992558 0.9419620780834291
35 420 0.04050735854179317 0 0.05533509701490402 0.0424151797229657 1.1035363482715437 -0.10861713034910547 0.892749472446988 0.0012741340202039736 0.7208550638994985 0.001778972697934255 0.8945312495853884 0.009311002303196248 0.8850254207250843 -0.047049947368430906 0.9747967287400393 -0.08451064645835915 0.9355992331179657 -0.06599859810356436 0.9002106895936457 -0.02840240274471777 0.9362090322565891 -0.022125911501923515 1.0200736578815963
36 432 0.03853564434828851 0 0.05899553745985031 0.007434407381475661 1.1088355718126213 -0.055359763012543084 0.8801801510156227 -0.010374392208395047 0.7894821772286715 0.029250473641283588 0.9068277909831302 -0.0801675517397658 0.8818546991460322 -0.036524187232940764 0.9944585911989667 -0.029791336933852386 0.9395217755891315 -0.02204823205170399 0.9658751402149378 0.005990653170511753 0.9370678302307975 0.002718949530226996 0.988856218494869
37 444 0.037778484373203025 0 0.05965640768408775 0.037972990198743825 1.0577576901405534 -0.12458885972372814 0.908832245503676 0.010470896397145966 0.7929745502915629 0.01962372842339139 0.8625103342083004 0.02260691094268889 0.9325685503055594 0.045032310719889584 1.0652739703807599 -0.10506576880747812 0.9920448969017482 -0.035333502176271826 0.935831317934268 0.0005643238581145016 0.8970441027240491 -0.055612116613639566 0.9762427866772431
38 456 0.036326476065059794 0 0.04992630332708359 0.039853191426609993 1.0713467382707476 -0.09905887521003245 0.8842926764089036 -0.004830517004868631 0.8134587314137831 0.04267020297376982 0.9167897092106526 -0.03330936628213513 0.9792328744832349 0.00214458108008702 1.065241805610108 -0.07477370258266963 0.9684596226226501 -0.08463553998139961 0.9584050971691682 -0.004174121008684903 0.9605025733111359 -0.015271334249177725 0.949287456241177
39 468 0.03565039360296398 0 0.04991605505347252 0.02347367280768079 1.0664706142240448 -0.043224295096704314 0.9019056057140175 0.0406073580708267 0.8467667889581922 0.06818531943017875 0.9141306643706508 -0.05645300899116565 0.9504979901532338 -0.08389243301768033 1.0482836728042983 -0.03474516083254784 0.9429613799816826 -0.018113431681611024 0.9832386341007134 -0.006573060300654025 0.9542128420696138 -0.0039514788674985535 0.9416816957984584
40 480 0.0350904090495735 0 0.059180621057748795 -0.0027708100491608267 1.0814961344180511 0.012466753847878695 0.8691366743205771 0.11350271047102511 0.781777439039676 0.039501907430311387 0.9404582602431328 -0.0522789236000407 0.9466904969177004 -0.005431197952135487 1.0034738001972576 -0.09906573508320568 0.887702188916864 -0.033279879078048344 0.9921892263818805 -0.019624284659513564 0.9512049725738858 -0.08180018071479665 0.9163109993438925
41 492 0.03504817110474604 0 0.05960569530725479 0.05927266788393101 1.0899421648248444 -0.004863686776412916 0.8803327790905648 0.07058103722787923 0.7875224413538949 0.02974796178344212 0.9444831858976457 -0.07844672959403252 0.9804253744594872 -0.04982958333411064 1.007753878278894 -0.13385276422221823 0.9406400895720004 -0.058874517214836816 0.9798608714249446 0.07941719225863422 0.9633206899821429 -0.06861426175093188 0.9183740634227907
42 504 0.03349622048565475 0 0.04607502743601799 -0.008052724555316422 1.0741845045883514 -0.06520472917662447 0.8625394376601924 -0.023236523419048402 0.7913048996839847 0.03400881588230333 0.9062775755176001 -0.05125333259416692 0.9776386929642955 -0.009653655950252454 0.971084971747816 -0.0526603175918477 0.9799263721053217 -0.08654029727192411 0.9524204316265321 0.015575813080722367 0.9462104363944644 -0.04235258119960994 0.945686090652305
43 516 0.032987630392149546 0 0.06077377870678902 -0.06814889828605009 1.0944526406212993 -0.022856823306719787 0.872498659680871 0.06310054880851917 0.8376936656739772 0.02909826407539019 0.9110565221472027 -0.07173609675950338 1.0182670599478127 0.04886713820526986 0.9870437924637409 -0.07876957197340688 0.9663128951172456 -0.08357687242458231 0.9428142862679563 0.10387970626687404 0.953647830526447 -0.043079939349496554 0.9095986904542033
44 528 0.03306707194931176 0 0.06004789471626282 -0.09077677894652311 1.0892614261494715 -6.792924501490549e-05 0.9052732793603172 0.09067242427725239 0.7462009521889266 0.023292719898501114 0.8843269278778155 -0.07552150752506494 0.9852164084287822 -0.025100207850719525 0.9739017323369104 -0.09383631456182154 1.0070582975730609 -0.053457767117430124 0.9480188374005863 0.06420894824106839 0.9623036487953849 -0.0679212421814219 0.9189038541170255
45 540 0.03201414541366173 0 0.05947880446910858 -0.02111530330986085 1.0631284441800675 0.0016239946625149285 0.85376507626513 0.07930686541033549 0.8185920588816504 0.002645458769803294 0.8777302401577499 -0.02784343594798782 0.9649168283380495 -0.01328555999564858 0.9939563208405133 -0.12594823628502183 0.9552617396032584 -0.08671657543153884 0.9696726515464662 0.026478934569830893 0.9190064271727154 -0.04362209763527113 0.9115992956317174
46 552 0.031133057019361036 0 0.05433908477425575 -0.002833794839695737 1.0501738765492794 0.010630101737998648 0.8972541535478319 0.046332549787845005 0.8040956055612446 -0.02243355046876321 0.8680253128229686 -0.020080208353843214 0.9655249125549573 -0.0013513963559371057 1.0223105028704063 -0.11491284028262079 0.9374693750350567 -0.0629767266861982 0.9907346508936544 0.00865859763004699 0.9574748309941631 -0.026220980667796562 0.8776892493111823
47 564 0.03177899416280981 0 0.05902079492807388 -0.007212144611572633 1.0715604741289146 0.06340138938620987 0.9429299293397588 0.09004655345010733 0.8620344817237067 -0.052422512028430165 0.8882524553156756 -0.020205630233236065 0.9789756855215429 0.016018521636385015 1.0126158537125771 -0.15115941360135243 0.9922912812098984 0.0018636941714235758 0.9488685781108637 -0.011458153729920095 0.9542141974115246 0.015875168211267172 0.8727390458629298
48 576 0.03152646216887222 0 0.0461987629532814 0.006563620581863338 1.0558717589345845 0.023903192845265864 0.8966245270828144 0.056560937829961515 0.870387611099969 -0.020902101171730747 0.9173784953596539 0.008860705524062241 0.9656702772706074 0.02248461770247247 1.0259639571987387 -0.059518871740466356 0.9680157435274489 -0.018665759303953033 0.9821234912168347 -0.011572335209777396 0.9594536483936563 -0.07071288200906903 0.914833042499313
49 588 0.03239839068553807 0 0.052149903029203415 0.021545463129921366 1.0728902314666542 0.05361476680693421 0.9232021867476802 0.10552594091420156 0.8746464358952503 -0.06638454654137593 0.9227769583012426 0.0021239716184966694 0.9844061357420129 0.0063210482367378855 1.031652282597559 -0.09251672499480418 0.9703060687352454 -0.03769300743988936 0.9537444762016942 -0.04824343932058876 1.0006692124911045 -0.06620404677902524 0.9570551378274628
50 600 0.033250447846416085 0 0.049002353101968765 -0.042438216643980085 1.0829739675119476 0.059593473921374776 0.8953534639572549 0.06153857567009312 0.847862617173045 -0.06577455340183434 0.90971478152355 -0.011486126684956223 0.9326629006422006 -0.0036042259563718038 1.0225170867604154 -0.022862230177931195 0.9773503497800459 0.006882187664895227 0.9450613204655868 -0.020329050565871733 0.925567929223964 -0.05973322835471112 0.9054331242697324
51 612 0.035433889546118306 0 0.052683424204587936 -0.03444739795663927 1.1245310155429677 0.10302592809007874 0.9188546987380861 0.0745373067099252 0.8616458015937756 -0.04454987416340426 0.9346783313710246 -0.043648572760527 0.9757808672871457 -0.0014427263120268595 1.0493006228311799 -0.038520896309000664 0.9736140386669802 0.048131346763440566 0.9820643123440652 -0.09765514340361892 0.9955423594589577 0.0019881645017656574 0.9254315402093605
52 624 0.03660412281953599 0 0.047919344156980515 -0.003451376885276261 1.0314446829237292 0.10561172193043203 0.9643816149745278 0.053915152610966736 0.8407698817187815 -0.04639322471340328 0.9346132414558439 -0.03353525129351437 0.9172085058291163 -0.02101998937261908 1.0603752197436938 -0.00852337439842913 0.9614934614345826 0.017480617845325726 0.9715723188776062 -0.03208601456486291 0.955323282301878 -0.04782189641337447 0.9638502367240402
53 636 0.038094321428990524 0 0.05359559506177902 -0.027959218184107397 1.0360608625784178 0.11382725085462118 0.9106633437080147 0.004667521642427716 0.8630419842032786 -0.023228740070157503 0.9915450462026074 -0.07197264828315367 0.9510055104475588 -0.06211077488660478 1.0361054488701136 0.025033387892605997 0.9231667717491925 0.024523545453885805 1.0258763329533709 -0.05876193797125712 0.9662118030424736 -0.033107591931403106 0.95325466311462
54 648 0.03860886135041671 0 0.05254729837179184 -0.009832170876351621 0.9506153126510353 0.1281212337763284 0.9575721822245802 -0.0035097802638462405 0.7889397202107907 -0.04531474866856816 0.9835680608684695 -0.02843935437105107 0.9034465745059589 -0.0872671180519787 1.085242964775144 -0.01732577134562341 0.9570546992827381 0.03470454943265821 1.0322500049052457 0.0015848814281914786 0.9434194504192095 -0.030520698506898716 0.998370435405205
55 660 0.03822714770265235 0 0.055141035467386246 -0.0008481280907269226 1.0091997452668748 0.11086281979995173 0.9151322865498565 -0.015978678765327724 0.8701019226888759 0.0029190236588273397 0.9550079631366186 -0.02462961117270269 0.9564897370705076 -0.07176534205945645 1.0631329784372496 -0.04332781954801215 0.9661482685697874 -0.022608010308808442 1.0162128025624868 0.009516882046674398 0.9262121416468753 -0.07074616621019422 0.9764564609054422
56 672 0.036772746204171515 0 0.046356894075870514 0.03205841916381261 0.9696569458037324 0.09947473588650037 0.9266816296475169 0.02804781220509055 0.8404654154277447 -0.01642705368259916 0.9214000850170316 0.0004954146169435861 0.93410247136853 -0.07742600224635916 1.0396827678845795 0.006359487080650622 0.9648506064281958 0.013213882169315926 1.0293757499275697 -0.02114046719734392 0.9127865062520093 -0.04691046363739534 1.0210375917161434
57 684 0.034455119826711456 0 0.04563779756426811 -0.026351159309501476 1.0421292859531948 0.040388715902147286 0.922713735479622 0.017606575751013265 0.8327803414418785 -0.00671561488931361 0.9358878509658832 0.0026915696570847525 0.9305142704604099 -0.05507147312771894 1.048952489894909 -0.006753710113906037 1.0075071127770951 0.0106349427916013 1.0184480268090115 -0.048922385131035855 0.9774607370315674 -0.030197821310353153 0.9706120456695636
58 696 0.03293062017024743 0 0.04846246540546417 0.007547159825790455 1.0778987093889387 0.03316318594833728 0.9240596035327414 0.002281521253095258 0.8837305085061069 0.03190646880333839 0.9491268807844717 -0.020787614874656524 0.9712594466397818 -0.11371913698653574 1.1002348082512385 -0.038992605366563085 1.031237538857553 0.043531063901330665 1.0020156051013362 -0.06918927206308063 0.9775567729288058 0.0011251343870802358 1.0078419175642095
59 708 0.032594282699439925 0 0.04542563855648041 0.009880222267249356 1.0262728932802656 0.05316117679574765 0.9005474616886526 -0.028407605668391483 0.8424230837076372 0.005399472235535706 0.9665953617898838 -0.013018779807497396 1.0182710957077588 -0.0698809285629334 1.0386444294075614 0.013634125822036727 0.9418491031618161 -0.005359398740471633 1.0088597500777983 -0.04599221724316222 1.021679998119371 -0.03007515557136293 1.0263669880426098
60 720 0.03237865007752458 0 0.04430157318711281 -0.01600859418876343 1.0570788407308076 0.020835946574885147 0.9446283025932115 -0.014257825455157414 0.8372514112451274 -0.027930562851383837 0.9736459331738997 0.006969481241119062 0.9294630530126538 -0.04993268159567915 1.062394569338837 0.0169953667762205 0.9806478724049887 -0.002089532401098616 0.9174719682792714 -0.05126804094247001 1.035141063773517 -0.0033723899311890603 0.9891246776210317
61 732 0.0313728503872768 0 0.04062975198030472 -0.003428382668655999 1.0987195070413283 0.034586908289022895 0.8998954714094656 -0.051290281606382375 0.8285335334159347 0.010407494641740372 0.9362054649463147 0.011913519121608257 1.0091735390641428 -0.03349337130861569 1.0141591347371572 0.0004798251702970444 0.9571791901339566 -0.013925168784737752 0.9577658179401599 -0.09293185360613375 0.9481721998021357 -0.04339946877576924 1.0015716358810303
62 744 0.031322247287883236 0 0.04676319658756256 0.012827813279600121 1.028811629312078 0.023209465642255428 0.8688516791366707 -0.05088083898604642 0.790959701906404 -0.04822640122023923 0.9355580895415491 -0.002454812295164927 0.9252904004206286 -0.05216011449346105 0.9939095216440151 0.05081856007258057 0.9028511528818183 -0.006452645617841782 0.9249934637194748 -0.09731247089774973 0.9684459794220094 -0.03210240717216245 0.9996989518392524
63 756 0.0309690657878638 0 0.04843520000576973 0.04044680354627974 1.050894937755998 -0.0019911337712172766 0.874537916008795 -0.058679270737278764 0.8151660332223784 -0.022231695468079574 0.9476637884932881 -0.012694776854525287 0.9667141051254686 -0.07195766614204349 1.0039671730933304 0.03375912242214182 0.9014554411191334 0.00610313631322631 0.9620191301251964 -0.05021256416094378 0.9300836408426749 -0.038203419761621754 1.0523330664720703
64 768 0.030456140326485234 0 0.053622473031282425 -0.0064105657788979704 1.1190864083466232 0.023000105960748685 0.9001641686961276 -0.015222013238841786 0.8172957075879372 0.014436997642348008 0.9536498613222988 0.0028883674030712597 0.9840270239069113 -0.04043668426902858 0.9571354267765111 0.0765412398143487 0.9378716802988357 -0.06414352334105408 0.9756527985262993 -0.08622819278597273 0.9437717151100639 0.0007962536271698233 1.0291840512032508
65 780 0.030156002196741614 0 0.05328559875488281 0.023526751642653103 1.151756241126797 0.02290515600464623 0.8431449883027192 -0.011898882854243408 0.7963226505275431 -0.008424283061688884 0.9874150246231693 0.0006230316937811571 1.006892911972923 -0.05364584120516584 1.0150688174535687 0.04673676934591124 0.8966748611672988 -0.010413135572378534 0.972050970149584 -0.09604237836185478 0.9760859767047811 -0.041090108130472834 1.0001103666242173
66 792 0.0295782205828406 0 0.04674678295850754 -0.011117626349791652 1.174482253457173 0.0426013814378072 0.8966877284020296 -0.0031684853160811595 0.805479914134556 -0.0005829160167323067 0.9949559210053902 -0.0486150042679991 0.9968482280185132 -0.09086522615241711 0.9960277289252443 0.0911350495254994 0.9883380443517381 -0.024067671584988584 0.9494904272234522 -0.10232921461661108 0.9681585799499256 0.0011225626463492004 0.9955552443631089
67 804 0.02821194620843406 0 0.04577077925205231 0.014029300193505265 1.1171644535764986 0.04316598638835058 0.9359476728672791 0.0008018524483560062 0.7746770980475968 -0.03291820155542988 0.9946752762980187 -0.016173436035161012 0.9885553822639588 -0.06256982491571794 1.0432971723968942 0.04526759648374194 0.8730616326308297 0.02419995824705053 0.9448076080563909 -0.09495211250101888 0.9963522019653127 -0.028471288014626485 0.9952032881149937
68 816 0.0261976187930444 0 0.05530565232038498 0.005419664280821635 1.0940708337166756 0.031106780636707985 0.9153731214790489 -0.04746556876300389 0.8412400337167201 -0.006368150601483907 0.9872005238616817 -0.012935130659545187 1.0141634989334491 -0.07216647268914128 1.009662065442508 0.04390730468975647 0.8908202986240055 -0.005106469182928354 0.9513171281946452 -0.11482737261407873 0.9326600404058096 0.00516363226087882 1.0118055790562703
69 828 0.0250382760869623 0 0.04846277832984924 -0.03204752876911385 1.0786808799026162 -0.011658483555634265 0.8884164026383322 -0.022214168376377214 0.8654362144483722 -0.006416125341812143 0.9833236802318845 -0.051443915943983565 1.0075839380071332 -0.06683158677604474 1.0193696301581625 0.03576876967577582 0.9189912572142873 0.002921990707716226 0.9365246290254506 -0.08719474534161664 1.0099516842044098 -0.004601358621930026 1.0118309811130572
70 840 0.024899728908577626 0 0.05539466440677643 -0.049303966116717224 1.0710778027013905 -0.02303894071395165 0.9171768025934366 -0.05581162229755458 0.8432161611291894 -0.06300048392228856 0.9780309685559065 -0.0020964211739789088 0.984028417736899 -0.04314926947050527 1.0229989609370158 0.03899450171778968 0.9371954021723786 0.03749087140922945 0.9519152475349802 -0.04873500244636094 1.016431343116226 -0.0024853157867955524 1.008250471152275
71 852 0.02466674723255288 0 0.051545649766922 -0.00037201119529854144 1.0695261862058507 -0.039123601579668384 0.8996458978249383 -0.03270806074550709 0.8229940631295333 -0.07055025761064407 0.9878135874555537 -0.0076047651718400035 0.9688408199275196 -0.026719227084357807 1.0196569251204832 0.00913325113884298 0.9244414368318549 0.003436469833682624 0.9536964397504765 -0.09935045661537051 0.9810137026583102 -0.01676212707269298 0.9959517512133282
72 864 0.02417812571912136 0 0.04256577417254448 0.01349565921843022 1.1089850311432559 -0.05147225940274295 0.8742312904320233 -0.005940354782369511 0.793594143165507 -0.014499145678944954 0.9763260516084609 -0.03284996378055271 0.9951756378500464 -0.07802579302657398 1.041132452473741 -0.02527089326780133 0.8848545230768148 0.011070645181408175 0.9567221887018181 -0.05652015992515229 0.9677871525295944 -0.02464384112572523 0.9978995641427978
73 876 0.024241195394747016 0 0.06822555512189865 0.01750816257963567 1.1377201242125312 -0.08018618767427034 0.8849390705278541 -0.024251709667350144 0.7894939215568832 -0.03055712207355425 1.026839900638169 -0.06492181620784705 0.9762145315855499 -0.05432751044718165 1.0263299922971187 0.0028357662698885126 0.8821642009683379 0.022083699870840676 0.9321136451474276 -0.08070513450933295 0.959222266347805 -0.023918560868021896 1.0437880246278262
74 888 0.023799654784221934 0 0.04127798229455948 0.024126058372686762 1.1145782146770324 -0.04760069913454883 0.9144277176079971 -0.023233081188498664 0.8550033465272318 -0.018423364852720232 1.0092885463894563 0.012724146503133957 0.9873189866248588 -0.04888210414063139 1.0219578191509402 -0.005827574706698067 0.9065255906542093 0.010012274517492814 0.9803444770683383 -0.061153562941402895 0.9871705241176073 -0.04382795676449289 0.995301906165751
75 900 0.023601815065434604 0 0.04574506729841232 -0.012902472475547658 1.118718129664518 -0.04010105356257077 0.9026536887266228 -0.0029465272197441127 0.8077895743974828 -0.060959657108821105 1.0098263010383663 -0.006556742772105528 0.9654492971839386 -0.04932220497797374 1.0690406555772594 -0.016905158076234605 0.8719336870241355 -0.011684142413144851 0.965942533585826 -0.02309405899793438 1.0045340657336383 -0.043333070310755006 0.9726722064722332
76 912 0.023388295708644233 0 0.03588724136352539 0.010941900487438136 1.082265629825076 -0.01907548628872527 0.9072930409573524 -0.02525146718528658 0.8332322745951737 -0.03323949363065469 0.9850283854357829 -0.01202262179021274 0.9361874301201135 -0.03461684951250839 1.0337989602987152 -0.030904515105816502 0.959353333510262 0.02548163087005447 0.946416621030367 -0.039669172097924026 1.023679414536175 -0.0006123541797608892 0.938510122206665
77 924 0.023115465589141817 0 0.0376025065779686 0.015591124811113506 1.0852293297720297 -0.020448677317598734 0.8890655463440044 -0.029296304216680134 0.8499150345877591 -0.04657151551908936 0.9769668152679456 -0.018170365893576762 0.9633008694140787 -0.0480504542827225 1.0105275202638349 -0.01383050193496822 0.9669287966463195 0.025071580679062115 0.9700627597739564 -0.04522884054488109 0.9790681289258515 -0.0282218929969224 0.982396938870387
78 936 0.022527000106314313 0 0.04117736220359802 0.00774851629626676 1.123364855536309 -0.04385183519253276 0.8389832142266422 -0.055541375735029395 0.8715945610216905 -0.026902421454278368 1.0299558829860422 0.0033034347207379954 0.9612760474677239 -0.05500558193941229 1.0077436479911688 0.043968436094310795 0.969787716520981 0.020588396660682455 0.979631555399672 -0.07536494478692216 0.9769242401750542 -0.030773151507012368 0.9955870274292536
79 948 0.02267258683084297 0 0.03845958039164543 0.01422166973320824 1.129275734870793 -0.06819826835565546 0.8776388516341934 -0.020639775898846167 0.8883440242585665 -0.01063036446073478 1.0369476425411024 -0.012870041885984769 0.953409082145348 -0.047631159496985015 1.0239649324023896 0.0033120996766751454 0.9452638436449724 0.007718896229412213 0.966107498212515 -0.01481368553242602 1.0047908858964727 -0.024765915304112575 0.9763032493738872
80 960 0.022688269496948996 0 0.04079468548297882 0.031458398735550994 1.1252178627641678 -0.057699948024312796 0.862825023272413 -0.008553664134724415 0.8746105440878733 -0.04070165624220873 1.023591662806206 -0.005168288355111399 0.9389255978909659 -0.05311097756710376 1.0132342848926017 0.029732397218377206 0.9519563522479948 0.014903472239669103 0.9776912733896378 -0.039303263453381754 1.039779341347194 -0.014368772962690807 0.9972131112100912
81 972 0.023297554642651406 0 0.039913110435009 0.03202853100431644 1.1330546582833858 -0.034548607327318674 0.8407993976524116 0.004801735868351182 0.896751578584174 -0.010419679755999159 1.0236129258770728 0.0008608650754389664 0.9786447128149474 -0.05141293262999601 0.9898451027645528 0.006819468712613939 0.9415731467566764 0.05102658791708896 0.9996798024871568 -0.030497183201217883 1.0037084601633839 -0.040013169423853634 0.9868876119162424
82 984 0.02373425648704635 0 0.04477519541978836 0.01425025155062632 1.1318640446659898 -0.06090079500418953 0.8310684288457802 0.0169229241303912 0.8831626705078917 -0.04353728813677702 1.0156677263490148 0.021969906833744224 0.9498551208569324 -0.05130477691954206 0.9842836840211533 0.032441824954841575 0.9264113306091262 0.01968559041694668 1.021005782038073 -0.09813689122364791 1.020284023025857 0.0017866342542500087 1.01564661419927
83 996 0.024046160073569495 0 0.042421288788318634 0.0034226519966870615 1.1148308789003316 -0.017241773446148932 0.8573406966298679 0.036058459770037334 0.8775444805893294 -0.04853303473558225 1.068697577485568 -0.046341068119467456 0.9566344890086906 -0.0672507516698516 1.0126396281837655 0.005171226521695146 0.9403858983357212 0.05115319724872692 1.0337344163297657 -0.06769961558149133 1.0230027908564094 -0.01183728856895379 0.9925933683137392
84 1008 0.024533092654908426 0 0.04306013137102127 0.005744006831634802 1.1375084983977206 -0.008217699395394372 0.8301917755078186 0.012287891858209318 0.8918515194965769 -0.05166611807745456 1.0261659414144215 -0.02953464612241691 0.9313379177679477 -0.0270311168045521 1.0019823917524098 -0.006356109748474035 0.9712632887566787 0.05186386753722229 1.0106352608132183 -0.02532444893693229 1.0664755327916242 -0.026810807279914493 0.9859261762707846
85 1020 0.024819018136289756 0 0.047825295478105545 -0.012492098188738376 1.1830367178503782 -0.03140257136480043 0.8601810836626438 0.06594502817677998 0.8405398831804073 -0.0053364264190567876 1.0094498258645315 -0.0556581059118058 0.9310741660147053 -0.027382232162009752 0.9866037417255483 0.0006711878028984263 0.9541027378222536 0.06135653988837378 1.005063890291265 -0.06998001321781297 1.0297912976959434 0.02846663398856843 1.0205892235181873
86 1032 0.02479107408099061 0 0.042812734842300415 -0.021165338817292014 1.1405864112686313 -0.051442409722400294 0.8566735096963701 0.05893297243612187 0.8500576678831439 -0.03990619864333437 0.9977266153190649 -0.009467501764967017 0.946131253079625 -0.03856252590546851 0.9747742592869081 -0.03427617336771338 0.9838111259501177 0.025754705492972273 0.9942297747203086 -0.04296357057529437 1.0129790361590965 -0.01759033445908973 0.9840670203948204
87 1044 0.02430809513513413 0 0.03728511929512024 0.017699361241878958 1.0949673273819132 -0.025293172232635854 0.8632186126912624 0.029100103740836127 0.865585712839501 -0.021312846919245263 1.0058068714537771 -0.02342572580297731 0.9258323714642511 -0.023134678736985728 1.0122081773235496 -0.060494175246176576 0.9718877346015342 0.04010330704482212 0.994979010604065 -0.07333289514665507 1.0310920154082839 -0.006335974700340408 0.9953773446954738
88 1056 0.024264236684292746 0 0.043650999665260315 -0.009181779268697727 1.135204835744957 -0.08447115680912415 0.7869997415682662 0.026950825199295654 0.9032422326008386 -0.05643989313847636 1.0234465451800756 -0.03614761282176985 0.9326807272666874 -0.07044614237329797 0.9772825196630678 -0.03775032568016273 0.98949484070572 0.04373609077777347 1.003150382881759 -0.0020377193060617596 1.0402419683621433 -0.027135874806600162 1.0143011349074713
89 1068 0.024430552025680393 0 0.05097594112157822 0.01894338666962802 1.1384489009449643 -0.0987075387109926 0.8350663984495337 0.03598472747396535 0.8889930500785092 -0.050166363228561814 1.0201025911656914 -0.0063292627251287405 0.948742812070775 -0.08618363409159016 0.995475697328215 -0.04659982444492615 1.0019701607141025 0.05888450323260681 1.0312934522189718 -0.03857312453430655 1.031339070370824 -0.03651640236393583 1.023828786493191
90 1080 0.0233187390729554 0 0.045428138226270676 0.018045653144742047 1.1287425086381344 -0.04226580471009052 0.8564014709329968 0.04277414538065431 0.8775290329962707 -0.04698820390832589 1.030204141991516 -0.013453613453110972 0.9483410170937104 -0.09272452293714797 0.9738308473432182 -0.044380078060438956 0.9879237373861361 0.04708062100366001 1.0271051474044781 -0.0449992418266074 1.0581639070018534 -0.03128184927480113 1.0028593212614676
91 1092 0.022135218895975268 0 0.04357857629656792 0.019371621943769478 1.1089629174911562 -0.07423149137796567 0.8346911943563451 0.021091707359087695 0.9003850433312011 -0.032512988093283665 1.0412323644022212 -0.027047834339924453 0.9487338918043429 -0.0312169064671032 1.0179289022929883 -0.07143263961188923 0.9930383857072073 0.026977786884799532 1.0113424259959223 -0.06498232194365826 1.016750074948631 -0.04887226151129296 0.9998715287819149
92 1104 0.021232298906165778 0 0.05046575888991356 0.002492277675507761 1.1211884868976933 -0.08213657760693872 0.8684912714942578 0.07211347602991258 0.8834466979100865 -0.042981232702238095 1.0502973601592485 -0.058597803865071255 0.9178651149369029 -0.06230431022067384 1.0195118800211798 -0.08383172839157403 0.9920017427449176 0.01678581625557557 1.0053740902507076 -0.02737330338562641 0.9981111442581322 -0.052793247554580355 1.0242837535398617
93 1116 0.019986969709366368 0 0.043660685420036316 -0.00205084562624773 1.1507835845698764 -0.04709139922333368 0.842489970496961 0.05695463710074406 0.8942151897721953 -0.03852339191160096 1.0148944034694862 -0.02286005241910914 0.9231921159004159 -0.07439223062800199 1.0240735722083099 -0.015547953303702691 0.9758996137727944 0.03496277328574421 0.9752274911477893 -0.056479988196704606 1.0419590002227643 -0.0480591634920183 0.9957570156219211
94 1128 0.018737413505510767 0 0.041140999644994736 -0.027866796856775934 1.1368209491132522 -0.06425999521976881 0.8371385196327422 0.046432785359562904 0.8931850776392024 -0.0564063819474237 1.0456803638163863 -0.01860011447236601 0.9798992610518417 -0.04080315742811626 1.022131103871036 -0.023944094622670792 0.9854403552835355 0.03212968599286341 0.9777291533688602 -0.05072615649409922 1.0346811014189257 -0.03670241732007977 1.0093162765952168
95 1140 0.0181351139094082 0 0.041597992181777954 -0.037854226720719364 1.1564279757226283 -0.053123342379671895 0.848912832090158 0.04961682736904791 0.8714339741320871 -0.00752483472603073 1.0015838507322126 -0.0210143419201992 0.93332273244658 -0.059799867560518236 1.0026132920896458 -0.030466305083322882 0.9969143116389044 0.00754494736667851 0.9802216985181111 -0.04493201531103276 1.0206279083988636 -0.049798891882678505 0.9942552599810695
96 1152 0.01822818324170153 0 0.041360050439834595 -0.04078115299826332 1.1566139864643472 -0.01265895011862032 0.8536987961474549 0.040135674636204446 0.8959551522969526 -0.0451501495683336 1.0093746118389988 -0.0069735176040533284 0.9756848998405311 -0.038146686091210864 1.0280772351842984 -0.06058787942999751 0.9853626834067502 0.019501011083309445 0.9508768128436984 -0.030387701035064375 1.040736150901792 -0.0771343681655243 0.9539365936849105
97 1164 0.018134972890068525 0 0.04139098897576332 -0.020954885505110748 1.1789127373211599 -0.022685187317915582 0.8389608016083079 0.05246618184060017 0.9202770720703043 -0.053247366038083874 1.0136256646408999 -0.004286165912795645 0.957622887073174 -0.043719434096817535 0.9740643161713103 -0.034648726614646734 0.9731347975711854 0.004072742511448648 0.966885862233139 -0.0551462010735342 1.0497947415793198 -0.04324685958540052 0.9784631885493708
98 1176 0.017626796743839566 0 0.04569711163640022 -0.035830401857808704 1.182520710563487 -0.03750753244971018 0.8444670460975111 0.04767469812708641 0.9101343376448054 -0.015424618366642686 0.9844798700754605 -0.012493725950452632 0.975816629622429 -0.06108939933762472 1.016543309643232 -0.07503140638197325 0.9921643617396381 0.026766119896823395 0.9747218410960692 -0.022400218293281482 1.0160151397087767 -0.0428353830635885 0.9685912116596755
99 1188 0.01713426634569533 0 0.04165300354361534 -0.013257995701477654 1.1842764942791184 -0.018588418815597155 0.8456614453239727 0.04830992819077146 0.8990772611888834 -0.05662523920652842 1.0312933533850341 -0.002399808857555221 0.9556514092583073 -0.06526477729154577 1.001490720809517 -0.051439892266497166 1.0005371810211638 0.028297811009327205 0.9617806696083845 -0.036861547335551345 1.0528734278096425 -0.05266509183388085 0.9802563087941345
100 1200 0.016600483474789606 0 0.05132376775145531 -0.009964448535458538 1.1615570665583823 -0.007805369961314068 0.8688420561324459 0.03360117074692123 0.8905941384661173 -0.0242442632411502 0.9952706384442469 -0.03432217308043626 0.9647549866518066 -0.06104370844894445 1.0143611813688473 -0.07194819884087383 1.003805948241685 0.043096688339745 0.9665501272998246 -0.01618150442233413 1.0218298916866384 -0.06874052986334866 0.9942419057694529
101 1212 0.016311084202184304 0 0.040948424488306046 -0.029407863483601034 1.1729425970229432 -0.026338927728604012 0.8479132012283349 0.022492484373905112 0.8835149332975504 -0.04568100818797292 0.9784918119866752 0.013450055238106235 0.9403642299309537 -0.07684281611651032 0.9987999121484038 -0.06043081772434935 1.0239495899307385 0.02679220427323071 0.9761724860694034 -0.0173856583958067 1.024685844263362 -0.0361618353162884 0.990652376588287
102 1224 0.01620159335808192 0 0.04674521088600159 -0.004921432295833635 1.1382196831879434 0.01039694854352103 0.8840293301815604 0.06024299572682222 0.896053819219265 -0.040671874222141205 0.9837507319779732 0.004405443504091008 0.9358789311503068 -0.07148931548300302 0.9945490076333511 -0.0800599731733386 0.9854763122691552 0.025977431362811235 0.9650710755970473 -0.013515926832108907 1.0262958045186694 -0.04848035885431769 0.9827754203537521
103 1236 0.015890432928581284 0 0.05803825333714485 -0.003244580241800358 1.1294280295097747 0.0036793130967508183 0.8822068551586477 0.04299161489329519 0.9038999379907737 -0.04619324004319155 0.9683968167368321 0.007390988065292269 0.9292411047475246 -0.05336329415468301 1.0103422313624513 -0.09457133658728327 1.0146485602703337 0.017024610338591626 0.9884968524489819 -0.040024185307367344 1.0125511603804145 -0.04166828427703889 0.9873527375934654
104 1248 0.015776279477392425 0 0.04151607304811478 0.004388573282484189 1.1447177961269852 0.03715766108458716 0.8788667774010277 0.05343086329578064 0.8853179938926656 -0.03269756962141953 0.9729022051110351 0.01045453485795253 0.9375374452281607 -0.05332954646250761 1.0312506313347782 -0.11496443640788849 1.0035817170785204 0.024106763267084663 0.9863878822685633 -0.019282769740562904 1.030987822980551 -0.039086089772254605 0.9850508913379903
105 1260 0.015716914958085058 0 0.04667124152183533 -0.009060390600208783 1.1363812350181826 0.03488863408648134 0.8806244433485182 0.04918800642893974 0.8784369036565867 -0.05026465292057386 0.9718267713862808 -0.013391271698105165 0.9380289793479517 -0.07486870457481015 1.0124883781689207 -0.12267930042933252 1.0296506213277934 0.02831389231721365 0.9717683992159913 0.007157786050093016 1.0357852086920778 -0.03428807643146762 0.963714122972285
106 1272 0.015506093331456998 0 0.04297967255115509 -0.011164988901747913 1.1682711571810664 0.0418696420406386 0.8765445705612397 0.04612476160653475 0.8891350624432973 -0.04365732442130342 0.9695795145888778 0.00040409375201873494 0.9619728042170727 -0.07429801629258456 1.0036194612103768 -0.0882117278951585 1.0267626355614339 0.027216925655862482 1.004095503782193 -0.02929368216137042 1.02698161409115 -0.04165722647094524 0.9922972824762877
107 1284 0.015976895354448142 0 0.05093905329704285 0.01851607491498508 1.1791395975461687 0.033960762463463266 0.8762481892951033 0.0750468730007977 0.894519124435833 -0.0460221246748156 0.9776950377250738 0.013015603336383713 0.9367448539265507 -0.06992628422605691 0.997934388471681 -0.11298137625873945 1.0493885315467606 0.04795398366891414 0.9944953471532803 -0.023074116016853857 1.0544200437423736 -0.014024638656523307 0.9824454199977954
108 1296 0.016640987757069462 0 0.05094533413648605 0.02505417382092965 1.1491800485645396 0.05622184716015092 0.8725606855070859 0.06377909999289394 0.9002135367793562 -0.041386345280861124 0.9969598095291046 0.0034672118938150007 0.9421037852932301 -0.09206378932523569 0.9995033674764999 -0.11210476539595284 1.0487938474277645 0.0375600032319485 1.0085060471204377 -0.048801599285413055 1.0303442815739658 -0.03148698061218497 0.9857692824810371
109 1308 0.01718549413439054 0 0.05752846226096153 0.02853719201494683 1.1551350257661288 0.04570027689804785 0.8928302636192638 0.06574937116474891 0.8906914539999232 -0.028410412589671134 0.9878178836479068 -0.006722200666806117 0.9441488961879765 -0.07468005494312255 0.9950677950176499 -0.11240494131266839 1.0078591844803133 0.04284609633740689 0.9936082372770791 -0.05647141193744151 1.028029024361078 -0.003231961952466597 0.9627594494482778
110 1320 0.017738881992441946 0 0.0493045300245285 0.03252381465449926 1.1775060617651605 0.05069632794310498 0.8577458933094944 0.08676344454717545 0.9170592030890323 -0.03623025811621475 1.0075767066755708 0.010245696785016212 0.9189221845861242 -0.08229257295133849 0.9895743762288761 -0.07703447550785339 1.0323519260595169 0.07502276085361752 1.033057721105667 -0.07660139569763147 1.0681615893877614 -0.013853169538482542 1.00133666787077
111 1332 0.018613331795402067 0 0.052667759358882904 0.02628482548940497 1.1719233095443644 0.02369108119864196 0.858566873470784 0.07889725174447872 0.9509030513670708 -0.0014283401659411082 1.0063385016789184 0.012881628810921938 0.9227244224493393 -0.09692832427727666 0.9675434149046288 -0.09663191655531027 1.0144573479191854 0.07900192167569131 1.0135417361703272 -0.04795975886965319 1.043012513788453 -0.023382003248242876 0.9800164747262716
112 1344 0.019610283292839505 0 0.05591367930173874 0.03894395400653043 1.1740983643280412 0.038715455696254356 0.87309259639732 0.12062822797848789 0.9365707838597122 0.0010313545128573104 1.0328497769449034 0.014573523282926042 0.9357927973010721 -0.0723023507761718 0.9647601594691411 -0.09790687752546619 1.005953842653727 0.06565717718205939 1.0267030861303355 -0.047572001108871456 1.042746484859808 -0.020945662889356335 0.9957942836018471
113 1356 0.019402140342391433 0 0.06597770750522614 0.016722036793455235 1.1721222695501006 0.007517699490213407 0.881951926659513 0.08265226113449503 0.9075184165931994 0.021992056668253622 0.9921489005839599 0.011141831307711927 0.9318685778746 -0.0648309291229093 0.9947792238386847 -0.10196544088431318 1.005242374070398 0.04243840225711901 1.0254330851915394 -0.039008489352129715 1.0180570089413779 -0.02860855597944422 0.9773852823852214
114 1368 0.019387123574881402 0 0.04844258725643158 0.001944435521763592 1.1640727895153018 0.013667500987260103 0.8515616533365172 0.08990074039597706 0.9221751322358592 0.00855236038072895 0.9918440851729851 -0.023956546311990033 0.9249663109018168 -0.09916469457660695 0.9892310396330889 -0.08961678337944061 0.9929772221953436 0.061128365908675326 1.0430178685729778 -0.04662706267748863 1.0157774341873704 -0.03267657488692759 0.993111857311752
115 1380 0.01987393074165884 0 0.05944889783859253 0.023438659051793008 1.208243540535242 0.055272146558545315 0.8498932500697572 0.13404794814078383 0.9213528372143779 0.029744106416121796 1.014757669680302 -0.00928505556247627 0.9219141279990172 -0.10227452809191517 0.9948834412952942 -0.08865791134372882 0.9664256352338739 0.06923320361102962 1.0447068419414582 -0.08358711812369202 1.0319693612463825 -0.029468350699449256 1.012455764497476
116 1392 0.020014777698766553 0 0.05816825106739998 -0.012394385196391442 1.1690742656759658 0.053636033724406694 0.828326271280163 0.1095871846493908 0.8870639316585387 -0.0003683047646853184 0.9850781432399003 -0.0180626481416155 0.9187205226362779 -0.12881712161497239 0.9577393366395867 -0.06472323102215058 0.9969260942649542 0.08959415362875123 1.032328829558716 -0.05076731293622864 1.0282886319651623 -0.03262134355575483 1.0012688666241842
117 1404 0.020449732668656625 0 0.05660690367221832 -0.005129758431702592 1.2050458060744869 0.05389476019533634 0.8182631217083912 0.13132145199175568 0.8990388744680686 0.03208588495904091 1.0059765757992336 0.013589937716004396 0.8998428372783897 -0.09156643903191604 0.9383315068380129 -0.05042552307336841 0.9858610480896748 0.07045084749074959 1.0404105322554895 -0.033112665957623966 1.0487471233574712 0.0035531684797168103 1.0126793290382603
118 1416 0.021080271157776484 0 0.0531628355383873 0.009508648103796005 1.1788588256819832 0.018068031254257187 0.8267383213786458 0.11073265682671579 0.8830698044505287 0.015340989481696507 1.027629413562107 -0.007331917911528591 0.934019668756605 -0.10076789603809441 0.9724572195535364 -0.07996588983912055 0.9569721157088085 0.053288037618577415 1.0274057442512834 -0.04012974304941721 1.045625100779457 0.015061416301115058 0.9794835921596665
119 1428 0.021339999575715 0 0.053579628467559814 -0.01758331026224945 1.1651862080030855 0.03279110025388888 0.7872656619785048 0.1015972140793991 0.9088465738306596 0.037609206157975625 1.0043639357901115 -0.035117565059775514 0.9476574187384569 -0.08864164927359833 0.9490761774427778 -0.10388606156083752 1.0064614630967448 0.07003987403414219 1.0338667766960232 0.007962182824949766 1.020422931845775 -0.007750335756271423 0.9997403883640396
120 1440 0.021562693254041903 0 0.05131189525127411 -0.01774521483676243 1.1888684184956553 -0.00507259675009205 0.7837754861130803 0.0790671901985864 0.9072394366758851 0.0082815854493569 1.0173344792401997 -0.019822825382363338 0.9150672180877676 -0.08917234680113692 0.9784096668773439 -0.08460052994301329 0.9899413431104688 0.04713510903611002 1.0121702471785292 -0.0006467059175606187 1.025667642883338 -0.01179501005486596 0.9809751900996478
121 1452 0.021685754817671987 0 0.04998882859945297 -0.017058635342295642 1.1692358962298013 0.044324553110636954 0.7760085886440374 0.09200939348722101 0.8962178863390373 0.03942251131639424 1.0139097442414207 -0.01924525475264769 0.9526397154496019 -0.09134134242818728 0.9472840816061225 -0.05009605756124032 0.9458065800405915 0.06986245701609427 1.0321480332444752 -0.008085668041279262 1.0155917776766978 -0.029699461848999673 0.9719171816118991
122 1464 0.021820456016291526 0 0.06115390732884407 -0.02030572000921947 1.218901025959217 0.05485009830641493 0.8126814099388717 0.1348766953829741 0.912138888157189 0.05245566886533352 1.0247498300685922 0.008743015410023078 0.9508865926675681 -0.08801905537103724 0.9675049163054127 -0.09935179692502216 0.9665460372863316 0.09114684272205517 1.0308439778752625 -0.0031711485668378834 1.0137850103195984 0.01019620616018433 0.9756135889271663
123 1476 0.02127068767960621 0 0.05285689979791641 -0.028596438584137067 1.2021328114410688 0.018522556038357316 0.7837841989712858 0.10610832810518743 0.9346868343340216 0.05346740550247944 1.040679464164568 0.00013579899308830898 0.9638343275108532 -0.07988359891584798 0.9600025903356791 -0.07110183936196168 0.9857655577706044 0.07425086712778906 1.0410922087624332 0.004930407370329557 1.0414821201924376 -0.010561034808126465 0.9838405689853187
124 1488 0.02137181335529921 0 0.050822898745536804 -0.028560360619996356 1.1827140175666198 0.010354166189803853 0.8054610075191981 0.08746828147220756 0.9230591607663271 0.039068760888128884 1.0073742160874684 -0.010341437968356515 0.9730589869275349 -0.0743079730533793 0.9926551091931606 -0.11876216193452105 0.9769750676489107 0.08656595545834625 1.0424882854343032 0.029883084392251555 1.0259770766284264 -0.0279046013537589 0.9819666145520338
125 1500 0.021602543591036437 0 0.05593819171190262 -0.030252339501153358 1.1863863705194433 0.021356345056504362 0.7922700172800364 0.09615012547244836 0.9509228394651797 0.023186957574910655 1.045355055217297 -0.016165474138536445 0.9487611653773489 -0.08813055565505744 0.9737575028275224 -0.09556080585209219 0.9712027805536053 0.08790090296819031 1.0688565407668424 0.03357629385890386 1.0378647167034247 -0.0037970963655837332 0.9925060490568574
126 1512 0.0214733998332375 0 0.06836942583322525 -0.0285068879881957 1.2004977211643444 0.006489069284491916 0.8115235144098893 0.09611582902507276 0.9372296008726304 0.06438443415503006 1.0426934100385974 -0.02755033807239835 0.9368504432044573 -0.07764662230410012 0.9813029801283658 -0.10539399588540929 0.9605211471183286 0.07975096991896378 1.0867819916376626 0.03384783039660241 1.0222281537397724 -0.042260765601817574 0.9999229757666936
127 1524 0.021215479660219996 0 0.06445224583148956 -0.029928482693592287 1.188300905208123 0.059540668433500143 0.8087626621314492 0.10981034332228744 0.9229052832020826 0.05143089128428044 1.0209006301631849 -0.014848602527639754 0.9480673228799246 -0.08985712863528184 1.007188569838304 -0.11641694314242379 0.9902868915783308 0.09998563132651656 1.0673674345100572 0.0018624528269428064 1.036437974080016 -0.04998953249601012 0.990506905327661
128 1536 0.021266753331446755 0 0.07156407833099365 -0.06412680798490189 1.1852519410231332 0.041154689820768336 0.8302559868037936 0.10611713549920687 0.9093274186062253 0.05478990143310639 1.0164003131613146 0.012016547304046825 0.9339109700645847 -0.08971525144979424 1.0421169549994231 -0.12079945729434328 0.9751425408840992 0.11005999483963627 1.0704100560153562 0.020721835954967963 1.0645958221408227 -0.02931442641203221 0.9884326889935684
129 1548 0.021825530231481975 0 0.06828969717025757 -0.07242031552006667 1.1879145954579113 0.03782929498925705 0.8103777862202738 0.11898696632828518 0.920860383225357 0.06795316978030766 1.0106031259733708 -0.014097802078557091 0.9552919226666104 -0.06707842891508924 1.0396468587606802 -0.11294542034929149 0.9672821339820192 0.13912109259155597 1.0533690575587082 0.052662445695696225 1.067619536954679 -0.03468756041661179 0.9649276811563732
130 1560 0.021425495869945008 0 0.051098573952913284 -0.04636353257417136 1.1739333011917052 0.004542903254725377 0.8055726866298603 0.0652670443973494 0.9065167083274405 0.047322992334588525 0.9989912549067328 0.009782013785310949 0.9516927957470368 -0.06158251512659947 1.047320080898194 -0.08975663731089838 0.9632684371726041 0.0942123472627051 1.0522021776676893 -0.010427077190606787 1.0295722466959378 -0.034320841543515654 0.9492606123917195
131 1572 0.021302073300218216 0 0.048761289566755295 -0.02172118587179404 1.1663197183556084 0.011129646613007154 0.8203263032253452 0.06947384159122087 0.902786482390727 0.011739174128001434 1.0324171858265356 -0.02100916122140692 0.9604038039119978 -0.06349497251084656 1.0233659503288892 -0.08831371350858554 0.9817903686512531 0.10561323870413777 1.0480806585608364 0.04570617306312267 1.0160531596728055 -0.02679983030819717 0.9294876159328681
132 1584 0.02082832939779378 0 0.07557220757007599 -0.037706460828631924 1.1626273849058768 0.04681490863780168 0.8036160922430783 0.12095916018400926 0.948653197001062 0.018283540009616062 1.0012637465437106 -1.2041782248662508e-05 0.9684022359958856 -0.10038199124000785 1.03380729098804 -0.0735326568519142 0.9995875310171347 0.13262613140877427 1.0902507657601777 0.020324896693709876 1.0334487343710483 -0.016817089867208857 0.9568417442050026
133 1596 0.02094663722703077 0 0.058279380202293396 -0.06360541848974623 1.1660567148552154 0.029643505149072116 0.7656547339987065 0.09350946979083029 0.9242931312441874 0.018594007112243183 0.9923686318520525 -0.015513293940338325 0.9565680595036632 -0.07531179402996982 1.034280348590216 -0.04589321509567502 0.947379484669 0.12543717125187795 1.085259666825172 0.04014327855909674 1.0380993811965684 -0.04135960815872127 0.9552375948542767
134 1608 0.02147832874205422 0 0.05063506215810776 -0.05790957672073777 1.1439191745000676 -0.002634287050821929 0.7435315259013291 0.06993359591283327 0.9386198099363757 0.008638045126361238 1.0360550411390235 -0.037119068313328826 0.9468730122630192 -0.0883894723429873 1.0222510760682357 -0.049298188202806736 1.0146520011732814 0.09042941884608793 1.0600009314636463 0.04816564758736124 1.007678579374598 -0.045880244876868106 0.9575361357684601
135 1620 0.022670096960972948 0 0.068135105073452 -0.06997595110883764 1.1177371332369637 0.020946010478737943 0.7613535978560952 0.11854665922783485 0.9497523783337667 -0.0015989548381723211 1.0266886612829575 -0.03146549421893174 0.9493818588762712 -0.11250270122905111 1.0385723395075515 -0.06347017442730585 0.9699838381980725 0.0788637903445786 1.0673767500679117 0.0570222211284562 1.0388379654662323 -0.04976721797431608 0.9476365098700779
136 1632 0.02355073826408301 0 0.061302341520786285 -0.05248611671974723 1.1263452966015177 0.06249691195068807 0.790712753624222 0.08498126119606927 0.9403231110385997 -0.024458054144046486 1.0037168932902782 -0.03715719800953854 0.963020322772417 -0.12289417388182801 1.0512542615714544 -0.05952790566063723 0.9976278329991776 0.09075871446430697 1.0964658799537343 0.08392743846501406 1.0264364220732072 -0.07475701277349002 0.9416788246419862
137 1644 0.024942556594340602 0 0.059531863778829575 -0.07675888985965663 1.0930458766194548 0.044528906300116466 0.7527199748384381 0.05585373302946317 0.9075606903928379 -0.023142065879890712 1.0344106086572944 -0.03872607285223064 0.9820089706350192 -0.11747804301171413 1.0557595043067634 0.026046553526624494 0.9507651965792633 0.11520947653322043 1.0533352933617905 0.04818345478259447 1.0171235360737352 -0.07257667198949698 0.9313194408410786
138 1656 0.024934392984767195 0 0.06546023488044739 -0.01995069384719525 1.1241086696271838 0.06694895856768243 0.8144628075171881 0.050723852373039426 0.9401777820839148 -0.03624982691042247 0.9969873336583046 0.008132370034914904 0.9564977855185327 -0.10936476858039837 1.0440661613994855 -0.05214247278959103 1.0344559490211955 0.08397134689860504 1.0656082260884252 0.054284200987124984 1.0302601141973935 -0.07258241155775845 0.9706251774334895
139 1668 0.024608193201243148 0 0.061403241008520126 -0.04992596198393747 1.1024454640695853 0.031087571811207595 0.7833622468193313 0.04261173425706535 0.9558278474133566 -0.005888000547009123 1.0227427474025197 -0.02319820061778333 0.9565452690262558 -0.11503483318590432 1.0109289937948793 -0.03525497596647829 1.021009891941646 0.08406537644274954 1.0347833086820741 0.0786927940101338 1.0014369864728254 -0.06421234628217048 0.9289541657868107
140 1680 0.026526905415453814 0 0.06054406240582466 -0.058029116502902926 1.0961607747257707 0.011027212101745842 0.740002163906881 -0.018753391574201347 0.9436389836071839 -0.015564159493446585 1.014431105538907 -0.0144336908851256 0.9698339649767734 -0.12336781770138475 1.0222000146651546 0.024037711673970667 1.000087112641747 0.06316857006334259 1.0696666729478603 0.12224542796915933 1.0003740543913535 -0.06085553657233026 0.913173870390682
141 1692 0.02711018057600415 0 0.05385741591453552 -0.054756508187260515 1.1375570857672912 0.03058996960255382 0.7866532429894173 0.028657454824150063 0.9581259137806317 0.01438330105727048 1.015282958855043 -0.05787835632313698 0.9877598165053894 -0.11703559822747726 1.0103700809033331 -0.03907182728232894 1.038589707010391 0.08359554131368062 1.0583641801845491 0.0796891855676432 1.0153516366504183 -0.018528252001464324 0.9352004451633262
142 1704 0.027054504066242133 0 0.056837230920791626 -0.03848357557217135 1.1134436499393296 -0.010786653960541702 0.7464476412934018 -0.03924706954963139 0.9593636278070038 -0.03944285127739559 1.0663243094559114 -0.0766591213783375 0.9719753449459385 -0.11647752619372885 1.0367023879013415 -0.030550196724654123 1.047391114393438 0.05489028274711988 1.0445766854722582 0.11045722654450547 0.998790715662066 -0.040022512414556996 0.9471924935282906
143 1716 0.026466128043510298 0 0.05230875313282013 -0.04704779387207262 1.1082316223224022 0.02020257086119178 0.7743260184983823 0.0019286646358868571 0.9133592309889883 -0.029183904863993932 1.036494694305133 -0.08561260227544834 0.9939612490990293 -0.06544517205801224 1.0675497035685755 -0.038158624068883575 1.0174948561842523 0.053092571288591205 1.0167311295359494 0.11368368875465686 0.9851532099011276 -0.04275785068173364 0.8983848749226933
144 1728 0.026139412486942053 0 0.061255961656570435 -0.015164950435253517 1.0684055945039153 0.0629658916345743 0.7977238306700177 -0.005404393417010949 0.9460834878275814 -0.06267429026609939 1.0575946184418383 -0.06718071254031314 0.9873984148624524 -0.11747207023665718 1.0782611149786256 -0.05008961743657451 1.0224838324484893 0.061465168270610555 1.0540568379137922 0.09064472528024697 1.0079379615821835 -0.06330713186433046 0.9337663269994066
145 1740 0.02634539452781 0 0.0593760646879673 -0.04173976585005024 1.0928324305781714 0.005791048730813358 0.7667072761769234 -0.03983994594454701 0.9114222622488624 -0.05243117837907148 1.0718674614735064 -0.06437865953945873 0.9916347787028033 -0.058487317686109035 1.108256612180129 -0.061260445793409994 1.0080988141800586 0.08003833088843103 1.0149839171699098 0.09398978384983586 1.0213039804462805 -0.04110846007027368 0.8900208049515568
146 1752 0.025983832788956645 0 0.04635891690850258 -0.045592082071851406 1.1493350386540988 -0.035179316329707604 0.757451342273437 0.015424932771764786 0.9094151006641101 -0.037651925220584095 1.0478565293658892 -0.045817634634846074 0.9749567452834424 -0.052894088134469636 1.0211143632444686 -0.011483678543181643 1.0145129155819723 0.061046935298951145 1.041649137251821 0.10105212953980694 0.9690523715626845 -0.03115054927154088 0.9183591448386516
147 1764 0.026909013018791218 0 0.04790262132883072 -0.01210745670681255 1.1320044623107817 -0.04347867242925062 0.7322786173653835 -0.03308088534633899 0.9140801431447216 -0.04442475508143568 1.0112768898189841 -0.011080222127762246 0.9480743888458695 -0.04270687367744824 1.0311300625054656 -0.024042702343719517 1.0444117988665964 0.08121055452885914 1.032920363812303 0.06571615553868035 0.997734503258317 -0.058416351520534364 0.8948957883742148
148 1776 0.02761653725813157 0 0.04048440605401993 -0.03617793101423692 1.1287934619361897 0.01413128877461194 0.7470268682664815 0.010295441883463458 0.8871529007976986 -0.040963013854217856 1.0021783885328939 -0.03239074457588044 0.9995843827420103 -0.05954782134424867 1.074378567998128 0.013551463258702469 1.0334585995422998 0.029719424768400463 1.030782462504239 0.04535023656901192 1.0079436988121422 -0.0535648135304376 0.8865285527866154
149 1788 0.028048703934790125 0 0.06387700140476227 -0.040293316138892005 1.1240686397135562 -0.0030086714192785746 0.7281270409462506 -0.07707145039309914 0.8807699564295169 -0.08190175297712404 1.0164193849538106 -0.041100954434945734 0.9631426988279755 -0.0227642115071323 1.0532638598107895 0.00785736552860617 1.0562650616872225 0.033387804746502346 1.0076309220803994 0.040452918218283465 0.9862621890474917 -0.04141728303866819 0.9002286510991243
150 1800 0.027535817764609317 0 0.043860286474227905 -0.007332709443619294 1.1602185049613272 -0.0021909017753041484 0.7807821327482488 -0.004099479086733186 0.9291226682637923 -0.028691757870169275 0.9958081910956755 -0.02627647992675569 0.9969767942630022 -0.07419807672576673 1.0324496597066974 -0.025782894083243624 1.0711830277798908 0.03487606441749682 1.0347239053280213 0.050106231114515655 1.0225472297433569 -0.03279256576911817 0.9265561618113044
151 1812 0.027797779348620287 0 0.04745585843920708 0.004270329784968913 1.107006834518146 -0.014425410850055269 0.7788375870349626 -0.04995745433753896 0.8751167783219718 -0.07160499155157973 0.9870682256646146 -0.01927218374357869 0.9452719286185726 -0.06282644882394886 1.0478633180024122 0.0038530570047251573 1.1272300763636773 -0.0014744219307327479 1.0231376206099614 0.0051930014271225206 0.9507727239507786 -0.028744729206841946 0.9357767413340603
152 1824 0.02821018759931203 0 0.04455633834004402 -0.019636806106294313 1.1247209972821315 0.005446437143660089 0.7984805877163312 -0.010361052785017238 0.9086430620346945 -0.0628480536503432 1.010833145233986 -0.03234150621851239 0.9763894588661163 -0.1074063978422893 1.0559445511663246 -0.0072100847764892916 1.0838036293340474 0.04504926298850284 1.0108966047011507 0.022337284933404797 0.9704239149427683 -0.007922063219912436 0.9392227240479143
153 1836 0.029082664243541095 0 0.043253518640995026 0.017370471957433645 1.1030204892663515 -0.015357294407297696 0.8328485748941636 -0.019597673968883074 0.8775276115709563 -0.06910705157531696 1.0398545540675699 -0.030341095333180284 1.018357179851676 -0.07754668998692718 1.0258265996373728 0.01610304571348725 1.096614503220623 0.04087525904352858 0.9991237414563322 -0.021913675964949468 0.9658867017429688 0.023984723349014005 0.9407801810167266
154 1848 0.03023584549263436 0 0.06437824666500092 -0.03622054286057688 1.1037648936434008 0.013889939364871913 0.8423892126658803 0.010518654425509213 0.849891209206807 -0.10396887251773668 1.0194421137425935 -0.01684838223845274 0.9704313993470997 -0.05376360271542693 1.0617379572148182 -0.013307990228792622 1.072549973884875 0.060214355192104885 1.0193105001062863 -0.01948123030129757 0.9495153496513773 0.011987344362376116 0.9031588648068671
155 1860 0.030797931124922365 0 0.04585094004869461 -0.04930527692332341 1.0975225835636304 -0.034681192221658726 0.8250974346199401 -0.03880165296098188 0.8503013826725224 -0.06148650220051388 1.0079243801687425 -0.01677577803989381 0.9925951446187437 -0.0660858033135611 1.067920935935266 -0.013299273544686714 1.0867050773196016 0.04402637164402849 1.011533691114461 0.020600846097841574 0.9290393732970018 0.03775878642470394 0.9074579078639347
156 1872 0.030878376060948298 0 0.04391047731041908 0.012412396059146276 1.1154942458938841 -0.030759404105333225 0.8391010683710821 -0.014498122330980964 0.8631299934846697 -0.03947939203743048 0.9879851955657938 0.01576367301789803 0.9817508457109887 -0.057786262072115034 1.0587254722117152 -0.03211485449342524 1.1013253894487118 0.031542134683836445 1.022316240786232 -0.0015398970868576185 0.9353273817421754 0.012927880268741403 0.8995978149347572
157 1884 0.02941258198305088 0 0.06072833761572838 0.012258751003093604 1.125797022449622 0.013399267255615837 0.8550618934933645 -0.02921741090927301 0.8731649584588369 -0.04218601658841056 0.9653736571031586 0.003698898632637112 1.0062621334482322 -0.07169303369918034 1.0558551853301659 -0.013735456555065102 1.0668240136138223 0.02983375872048736 1.059042079096238 0.03087066575213908 0.9556750115388701 0.006992040255312162 0.9028751408215252
158 1896 0.02862213190000585 0 0.045824166387319565 -0.006340557369228566 1.1064642079241853 0.04906523386705633 0.829697299756678 -0.014461270210394195 0.9163657525157853 -0.06294966585793903 0.9917745119253853 0.015977420732214687 1.0154631357112074 -0.07608080331785068 1.046195057596299 -0.003654643319600262 1.1002750351277069 0.005693543836920518 1.0178490656736918 0.060882428135371515 0.9536897459722026 0.01994290981870243 0.9086627794524833
159 1908 0.028205864049947484 0 0.05676402524113655 -0.027697254669793368 1.1291463039492484 0.04181454222450422 0.7968476305337182 -0.037403440214078695 0.8973783761643919 -0.023561937649906564 1.0061328711361677 -0.0018323315227606598 1.0657249840280956 -0.0502279646616995 1.0271270593611055 0.0038559809848628434 1.086234354322185 -0.023685439671105306 1.028311714937764 0.03888007423727943 0.9551724733059777 0.05540511695246003 0.9103433769604278
160 1920 0.027421747122901366 0 0.043954037129879 -0.015689211903049033 1.2044434755129976 -0.014453231936521621 0.7642456851795112 -0.04065769302156902 0.8771810617780895 -0.03655902552145621 1.0196448615816276 0.012157170174691565 0.9931637976353477 -0.05793587026743531 0.9675272048535374 0.02270248852240396 1.1052555897868657 -0.013281356591701432 1.0095768358960613 0.04571998774939675 0.9538116481845555 0.05437463960152376 0.94189129697576
161 1932 0.02726203489242153 0 0.048658035695552826 -0.035925380455640324 1.137288199947634 0.006992840976497466 0.815953720639492 -0.04112292849107527 0.8413821582381372 -0.07326549992055657 0.9839348734725482 0.013712435170618143 1.0462226823431555 -0.054791689285707476 1.0320784682105029 0.07100369788817923 1.0688411686153378 -0.010884565729824871 0.9652917938391181 -0.014902586308426481 0.9147527750412494 0.019010917272178095 0.880410533326211
162 1944 0.026920814274947743 0 0.042714763432741165 -0.05554329858557347 1.1540377342770056 0.018470395212215465 0.8339655008164092 0.008622547969987487 0.8436572424524797 -0.055818793574113006 1.0153663811022304 -0.007352346531536515 1.0356504848567518 -0.09489765366451178 0.9830661381916059 0.05305969451543989 1.0529352478982275 9.657174873682617e-05 0.982785622815452 -0.011752830779912163 0.9319408792250803 0.07688734119488805 0.9404186425145111
163 1956 0.0269772624764535 0 0.04676368087530136 -0.019856766561678375 1.1763338546415512 -0.019696223962272462 0.7926559236299564 -0.018066426134056006 0.8425176231870016 -0.06661773313395578 1.0391432406983718 0.001877894252953949 1.0111336226963186 -0.08201963009335747 0.9709195264486156 0.04624397933518812 1.0614487424277652 0.02276215094953113 1.0005735264442668 -0.025215476104729843 0.9339617761947541 0.06345001587967314 0.9625429317982982
164 1968 0.026508918128588778 0 0.05399034544825554 -0.04928257603730832 1.1529071226818863 -0.0024675067490946695 0.7964098068648102 -0.021825683185348933 0.8684669171256623 -0.08508751709599754 1.004151775277684 0.027551323190702755 1.0102666283743353 -0.11146240270508119 1.0084402046161296 -0.010469883135050213 1.106426069924857 0.003211128260143869 1.0461029832530178 0.0032610062316661293 0.9281920815567325 0.010026042009322889 0.9290007297966961
165 1980 0.026797475111621467 0 0.056711483746767044 -0.05618864317093943 1.1731395260896118 -0.0038536170556681187 0.7799825768007028 -0.018681945222893428 0.8186995127853663 -0.05106963504692926 1.0193769716410184 0.050529683542331325 1.0309698867695511 -0.07077475849016918 0.9956098576413627 0.009625351653019441 1.1053438396174688 0.005663724759997481 1.0380919850529218 -0.007788214516618365 0.9377923358767799 0.0487209430148806 0.900524442421291
166 1992 0.027136139529262093 0 0.04934491217136383 -0.0034296386452044095 1.1996708041996056 0.01744149618820863 0.8254261057385301 0.017037795154972432 0.8429462702003363 -0.06398432221442776 1.0024584488111445 0.05490930794561848 1.0117191981692697 -0.0813998320057985 0.9691186154464098 -0.022465330855748533 1.0865408927871825 0.031280091632818204 1.0469231241205836 -0.050547146359851275 0.9651354144713181 0.04755188749519163 0.9358479337440578
167 2004 0.02684446786333036 0 0.05323353037238121 -0.022930522473758368 1.1700602300829304 0.015916349339739046 0.817892352708156 0.009276133875988767 0.8448802897105349 -0.09976106846162788 1.044480296799264 0.02569067118981451 1.0044084496989045 -0.06847298446293269 1.0233599492663479 -0.020441541306645952 1.0810999685641252 0.03149442879045512 1.056020662352323 -0.0375853106435811 0.9483008172934096 0.05123910590072013 0.8850739806129322
168 2016 0.027358883798853876 0 0.05192960053682327 -0.07818915716561836 1.2254720831815684 0.008239685306401153 0.7665337074800869 -0.004379503873513112 0.8179554068213548 -0.08212794318660761 1.0274044951875179 0.050032710984174535 0.9896145031566036 -0.035122822470759575 0.9902468006622841 0.02710668519625514 1.0198885754813278 0.05837398411286479 1.062678757426132 -0.04835682917945989 0.9353420767100606 0.03771369590479713 0.9277680715978196
169 2028 0.028099114784421522 0 0.056145064532756805 -0.08357081461439954 1.2328687831550227 0.09473076185833079 0.7761715231513211 0.08279931623577956 0.8032193891900955 -0.0664455913110466 0.9979887630502383 0.06811705082843766 0.994603119201317 -0.05798593817175438 0.9667674048829322 -0.015462825293336542 1.0180107055542162 0.07393045423046168 1.0711838800530917 -0.01191753811523702 0.9875098822981915 0.050346713849819404 0.9184556047242336
170 2040 0.0275326574664924 0 0.04874817281961441 -0.09617855579958642 1.2120893721018091 -0.031061125118626805 0.770915455560382 0.041745240057857694 0.8106607470082078 -0.06566210678076069 0.9952098454204656 0.02963815707988028 0.9966471963588822 -0.07582332298109697 0.9860948301131958 0.042805152417380775 0.9813494337909372 0.008532456746687345 1.0439562146621841 -0.008552306016989576 0.9225449015145264 0.03383843586420919 0.9289036266382438
171 2052 0.02838378568363428 0 0.04337313398718834 -0.0810025513687587 1.2001878667984212 -0.042809219297879286 0.7564223513019973 0.038392847416385864 0.7785312646370086 -0.057928851370469145 1.0057851692126285 0.027367178092896575 0.9731031110031557 -0.03516458476751305 0.9715578884586465 0.020910075350482393 0.9795194006763375 0.005743915356171931 1.0324490002823297 -0.0016670884463799406 0.9301401685190015 0.0502764137637017 0.9780372824869095
172 2064 0.02822007775210654 0 0.0423210933804512 -0.07242775803640181 1.1948019529972767 -0.017619860842352786 0.7648984292801909 -0.0007298598215128363 0.7957590912512872 -0.042948540654951836 1.0112618509822946 0.046685406812434264 1.0107791273993347 -0.06855244821727258 0.9857369274438117 0.01908123659236852 1.0033502064928796 -0.009583538412009686 1.029263212045018 -0.007711039115781715 0.9248525313076538 0.031073218372896373 0.9648312900300549
173 2076 0.02856253211226318 0 0.049644313752651215 -0.04893820290392187 1.1900680052237735 0.04458846453884621 0.7952725652823852 0.023495396277916466 0.8099771542687942 -0.08361081615682024 1.0277496506901775 0.03831895504990671 1.0189880231034114 -0.10153772098135036 0.9745015376289399 0.008639040783225395 1.041638368467735 -0.008759387915740003 1.059848184017278 -0.00038430454435953165 0.9572683776249284 0.015117945426237586 0.9797928338784405
174 2088 0.028052337334157684 0 0.05841086059808731 -0.027876249861457633 1.1728306098449943 0.06484063070314214 0.8015371293055539 0.12455199205338069 0.8421273306803662 -0.09218140153735374 1.0022938355237048 0.030369684359562023 0.9966754622465018 -0.11880708962237968 0.9563849986253591 0.03845443297265369 0.9927503491286048 0.0011601565648731481 1.0739189986887538 -0.0003730836645464662 0.9866862629028819 0.009218109668729433 0.9431367200268541
175 2100 0.027034167635649226 0 0.05359232425689697 -0.03189795981248819 1.219457769549754 0.038040851768551424 0.7997475765061544 0.0951714572389403 0.8105286725451049 -0.05971323717401366 1.0420466308715286 0.0174305244159197 0.9935325317403794 -0.08674641650561131 0.9516152536970321 -0.037731179111496684 0.9974445961740334 -0.0058459104774701036 1.0879392350249708 -0.055969790320834455 0.9513476898432787 0.033332354228861376 1.0069395449972187
